Canadian River near Sanchez, NM
Arkansas River Basin
Annual (Water Year, Oct-Sep) streamflow reconstruction
Values in acre-feet
Recon = reconstruction
Observed = flow record from New Mexico Interstate Stream Commission
Recon Interval: 1604-1997		
Observed Interval: 1937-1997		
PI: C. Woodhouse
Reference: n/a		
URL: http://treeflow.info/riogr/canadian.html

==========
Year     Recon  Observed
1604    340027     -9999     
1605    183800     -9999     
1606    140169     -9999   
1607     92688     -9999   
1608     89588     -9999   
1609     90823     -9999   
1610    343729     -9999   
1611    137194     -9999   
1612     53286     -9999   
1613    248421     -9999   
1614    160554     -9999   
1615    214258     -9999   
1616     71571     -9999   
1617    274943     -9999   
1618    412565     -9999   
1619    242968     -9999   
1620    208476     -9999   
1621    157914     -9999   
1622     89137     -9999   
1623     90386     -9999   
1624     99257     -9999   
1625     26179     -9999   
1626     27100     -9999   
1627     72830     -9999   
1628     35276     -9999   
1629     84872     -9999   
1630     89934     -9999   
1631     40885     -9999   
1632     53108     -9999   
1633     68745     -9999   
1634    125344     -9999   
1635    125256     -9999   
1636     69611     -9999   
1637    177397     -9999   
1638     79331     -9999   
1639    474630     -9999   
1640    164427     -9999   
1641     49888     -9999   
1642    137413     -9999   
1643    144626     -9999   
1644    212436     -9999   
1645     53954     -9999   
1646     66745     -9999   
1647    140484     -9999   
1648     32359     -9999   
1649    188738     -9999   
1650    102827     -9999   
1651    295103     -9999   
1652     72728     -9999   
1653     88385     -9999   
1654     22318     -9999   
1655    815821     -9999   
1656    113039     -9999   
1657    135981     -9999   
1658     50504     -9999   
1659    155850     -9999   
1660    210742     -9999   
1661    165981     -9999   
1662    118623     -9999   
1663     42838     -9999   
1664     27661     -9999   
1665     57182     -9999   
1666     50587     -9999   
1667     65651     -9999   
1668     23088     -9999   
1669     65383     -9999   
1670     43326     -9999   
1671    107638     -9999   
1672    109455     -9999   
1673    120900     -9999   
1674    119662     -9999   
1675     44269     -9999   
1676     57786     -9999   
1677    178726     -9999   
1678    378977     -9999   
1679    138095     -9999   
1680    313616     -9999   
1681     88999     -9999   
1682     36829     -9999   
1683    174062     -9999   
1684     19630     -9999   
1685     27367     -9999   
1686     42226     -9999   
1687     49006     -9999   
1688     49575     -9999   
1689    214130     -9999   
1690     66273     -9999   
1691     89949     -9999   
1692    145449     -9999   
1693    166770     -9999   
1694     20307     -9999   
1695     40072     -9999   
1696     30075     -9999   
1697     45524     -9999   
1698     66781     -9999   
1699     33403     -9999   
1700     35282     -9999   
1701    177924     -9999   
1702    128222     -9999   
1703    160263     -9999   
1704     58854     -9999   
1705     77358     -9999   
1706     96790     -9999   
1707     57681     -9999   
1708     96257     -9999   
1709     53133     -9999   
1710    195556     -9999   
1711    152171     -9999   
1712    207453     -9999   
1713    242190     -9999   
1714     43349     -9999   
1715     51278     -9999   
1716     36447     -9999   
1717     62860     -9999   
1718     84634     -9999   
1719     46696     -9999   
1720    718001     -9999   
1721    265028     -9999   
1722     53363     -9999   
1723     73215     -9999   
1724    117592     -9999   
1725    111164     -9999   
1726    111445     -9999   
1727    101845     -9999   
1728     77159     -9999   
1729     46635     -9999   
1730     23259     -9999   
1731     66825     -9999   
1732     83619     -9999   
1733     45696     -9999   
1734    181751     -9999   
1735     38983     -9999   
1736     66962     -9999   
1737     23439     -9999   
1738     27348     -9999   
1739     66738     -9999   
1740     50186     -9999   
1741     62864     -9999   
1742     37425     -9999   
1743    141399     -9999   
1744     64701     -9999   
1745     63622     -9999   
1746    414111     -9999   
1747    499960     -9999   
1748     30683     -9999   
1749    149162     -9999   
1750     35818     -9999   
1751     85058     -9999   
1752     33575     -9999   
1753    303493     -9999   
1754    215562     -9999   
1755    256922     -9999   
1756     58376     -9999   
1757     38951     -9999   
1758    156978     -9999   
1759     59276     -9999   
1760    161451     -9999   
1761    333848     -9999   
1762    168201     -9999   
1763     60668     -9999   
1764    155143     -9999   
1765     71763     -9999   
1766    226487     -9999   
1767     33730     -9999   
1768    285128     -9999   
1769    194252     -9999   
1770    198414     -9999   
1771    420751     -9999   
1772     44934     -9999   
1773     21110     -9999   
1774     42144     -9999   
1775     31582     -9999   
1776     48239     -9999   
1777     51061     -9999   
1778     23772     -9999   
1779    108579     -9999   
1780     34405     -9999   
1781     58284     -9999   
1782    119141     -9999   
1783    154544     -9999   
1784    216812     -9999   
1785    146145     -9999   
1786     97267     -9999   
1787    103508     -9999   
1788     80479     -9999   
1789     22988     -9999   
1790    223878     -9999   
1791    137419     -9999   
1792    195006     -9999   
1793    179605     -9999   
1794    172733     -9999   
1795     70466     -9999   
1796     51411     -9999   
1797    221856     -9999   
1798     45429     -9999   
1799     85246     -9999   
1800    143628     -9999   
1801     39812     -9999   
1802     58973     -9999   
1803     87182     -9999   
1804     62773     -9999   
1805     23257     -9999   
1806     38734     -9999   
1807    150869     -9999   
1808    191545     -9999   
1809     76392     -9999   
1810     53207     -9999   
1811     62023     -9999   
1812     58630     -9999   
1813     43937     -9999   
1814     76447     -9999   
1815     56889     -9999   
1816     68447     -9999   
1817    131870     -9999   
1818     35438     -9999   
1819     33985     -9999   
1820     69374     -9999   
1821    131368     -9999   
1822     27447     -9999   
1823    171180     -9999   
1824     34009     -9999   
1825    103880     -9999   
1826    106376     -9999   
1827     90578     -9999   
1828    356939     -9999   
1829     79010     -9999   
1830     60458     -9999   
1831    172062     -9999   
1832    141583     -9999   
1833    199270     -9999   
1834     62096     -9999   
1835    172753     -9999   
1836    202575     -9999   
1837    257198     -9999   
1838    441964     -9999   
1839    437288     -9999   
1840    430123     -9999   
1841    142913     -9999   
1842     35916     -9999   
1843    488869     -9999   
1844    130632     -9999   
1845     49069     -9999   
1846     44643     -9999   
1847     36795     -9999   
1848     38009     -9999   
1849    169139     -9999   
1850    112788     -9999   
1851     16225     -9999   
1852     52424     -9999   
1853     47551     -9999   
1854     54899     -9999   
1855     36883     -9999   
1856     57853     -9999   
1857     66524     -9999   
1858    157007     -9999   
1859    121147     -9999   
1860     60630     -9999   
1861     14098     -9999   
1862     86078     -9999   
1863     36660     -9999   
1864     57490     -9999   
1865     65833     -9999   
1866     87263     -9999   
1867    235470     -9999   
1868    121896     -9999   
1869    113208     -9999   
1870     62294     -9999   
1871     62023     -9999   
1872    123455     -9999   
1873     25025     -9999   
1874     89931     -9999   
1875     48600     -9999   
1876     99549     -9999   
1877     44741     -9999   
1878     81894     -9999   
1879     80576     -9999   
1880     50693     -9999   
1881     97908     -9999   
1882     81588     -9999   
1883     39104     -9999   
1884    129135     -9999   
1885     57130     -9999   
1886     76292     -9999   
1887     86752     -9999   
1888     43707     -9999   
1889     46875     -9999   
1890     50603     -9999   
1891     59223     -9999   
1892    105671     -9999   
1893     57548     -9999   
1894     47635     -9999   
1895    112822     -9999   
1896     78346     -9999   
1897    132642     -9999   
1898    126797     -9999   
1899     25489     -9999   
1900    104548     -9999   
1901     50082     -9999   
1902     18213     -9999   
1903    126458     -9999   
1904     57004     -9999   
1905     94510     -9999   
1906     59059     -9999   
1907    116298     -9999   
1908     28720     -9999   
1909     77303     -9999   
1910     97375     -9999   
1911     85578     -9999   
1912    126852     -9999   
1913    144679     -9999   
1914    206044     -9999   
1915     88689     -9999   
1916     83103     -9999   
1917    107014     -9999   
1918     70506     -9999   
1919    314215     -9999   
1920    119340     -9999   
1921    385793     -9999   
1922    108839     -9999   
1923     38199     -9999   
1924    250273     -9999   
1925     41969     -9999   
1926    132431     -9999   
1927    140395     -9999   
1928    106003     -9999   
1929    141419     -9999   
1930    153542     -9999   
1931    238824     -9999   
1932    166940     -9999   
1933    119412     -9999   
1934     61176     -9999   
1935     92204     -9999   
1936     52340     -9999   
1937    100037    190642
1938    151343    140172
1939    110592    116619
1940     54086     34143
1941    292628    656474
1942    294656    862224
1943    125825    132884
1944    234266    120727
1945     96911     75971
1946     58861    122041
1947    161383    124910
1948    244682    138176
1949    301193    106662
1950     76511     88982
1951     61207     85523
1952    100063     91482
1953     55019     90516
1954     21735     14263
1955    111281    257007
1956     37299     28795
1957     79985     72263
1958    125520    332609
1959     60471     63471
1960    155878     74248
1961    203463    210224
1962    129333     80248
1963     51029     50874
1964     44826     16131
1965    103578    366699
1966     65610     80563
1967     63194     92070
1968     63570     74823
1969    117927    110869
1970    125813     72214
1971     41031     41142
1972     60449     85211
1973    125374    179880
1974     37506     19272
1975     51281     27886
1976     41132     18462
1977     41293     44511
1978     17523     16517
1979    185059    138327
1980     88041     66534
1981     26269     71381
1982    141861    107811
1983    193825    109123
1984     70733     58052
1985    201764    156158
1986     96586     79315
1987    177082    335806
1988     53687     66278
1989     76350     49110
1990     70734     50993
1991    123877    156119
1992    143246    116750
1993    118782    101392
1994    131183    232513
1995    178815    234553
1996     38662     68853
1997    169793    145492
