Colorado River at Lees Ferry, AZ (Meko)
Upper Colorado River Basin
Annual (Water Year, Oct-Sep) streamflow reconstruction
Values in acre-feet
Recon = reconstruction
Observed = natural flow record from US Bureau of Reclamation
Recon Interval: 762-2005	
Observed Interval: 1906-2004
PI: D. Meko
Reference: 	Meko, D.M., C.A. Woodhouse, C.H. Baisan, T. Knight, J.J. Lukas, 
M.K. Hughes, and M.W. Salzer. 2007. Medieval drought in the upper Colorado 
River Basin. Geophysical Research Letters, Vol. 34, L10705	
URL: http://treeflow.info/upco/coloradoleesmeko.html
Add'l Info: http://www.ncdc.noaa.gov/paleo/pubs/meko2007/meko2007.html 	 
           
==========              
Year	   Recon  Observed
 762  16355515     -9999  
 763  13185239     -9999  
 764  12138949     -9999  
 765  12685643     -9999  
 766  16660257     -9999  
 767  14375547     -9999  
 768  16546519     -9999  
 769  16484271     -9999  
 770  13488922     -9999  
 771  14011105     -9999  
 772  18114926     -9999  
 773  15886543     -9999  
 774  12322111     -9999  
 775  15028307     -9999  
 776  19109841     -9999  
 777  16876598     -9999  
 778  15418937     -9999  
 779  14503654     -9999  
 780  17182219     -9999  
 781  13421825     -9999  
 782  16320399     -9999  
 783  18145684     -9999  
 784  24311361     -9999  
 785  17915230     -9999  
 786   8763345     -9999  
 787  15618444     -9999  
 788  17226160     -9999  
 789  17103401     -9999  
 790  14332849     -9999  
 791  13372094     -9999  
 792  10659969     -9999  
 793  13523559     -9999  
 794  11755645     -9999  
 795  18336644     -9999  
 796  18024649     -9999  
 797  11009997     -9999  
 798  15936629     -9999  
 799  12208650     -9999  
 800  17259195     -9999  
 801  21156703     -9999  
 802  20099027     -9999  
 803  21101838     -9999  
 804  17055224     -9999  
 805  13353297     -9999  
 806  12959347     -9999  
 807  11327593     -9999  
 808  14091860     -9999  
 809  10406327     -9999  
 810  18500782     -9999  
 811  18471774     -9999  
 812  14237891     -9999  
 813  15618277     -9999  
 814  14161519     -9999  
 815   8279002     -9999  
 816  15709495     -9999  
 817  12954139     -9999  
 818  10920694     -9999  
 819   8307854     -9999  
 820  19628315     -9999  
 821  19860049     -9999  
 822  13059689     -9999  
 823   4858370     -9999  
 824  11685092     -9999  
 825  12037829     -9999  
 826  15763553     -9999  
 827  12799283     -9999  
 828  12232160     -9999  
 829  11532311     -9999  
 830  10424345     -9999  
 831  15142170     -9999  
 832  16931053     -9999  
 833  15022092     -9999  
 834  12336408     -9999  
 835   9842892     -9999  
 836  15108697     -9999  
 837  16851325     -9999  
 838  16257653     -9999  
 839  12193651     -9999  
 840   8886817     -9999  
 841  12806811     -9999  
 842  14201491     -9999  
 843  16738425     -9999  
 844  16901847     -9999  
 845  14188653     -9999  
 846  14097871     -9999  
 847  12497697     -9999  
 848  10492380     -9999  
 849  11760590     -9999  
 850  19028950     -9999  
 851  16344786     -9999  
 852  13484887     -9999  
 853  15370852     -9999  
 854  17130849     -9999  
 855  14636839     -9999  
 856  12471662     -9999  
 857  15173940     -9999  
 858  17963000     -9999  
 859  15214938     -9999  
 860  10727587     -9999  
 861  13229587     -9999  
 862  12762777     -9999  
 863  12188112     -9999  
 864  14672803     -9999  
 865  14264453     -9999  
 866  12753706     -9999  
 867   9350241     -9999  
 868  15138015     -9999  
 869  14804630     -9999  
 870  15031184     -9999  
 871  14321444     -9999  
 872  13726672     -9999  
 873   9956939     -9999  
 874   7487464     -9999  
 875  10257692     -9999  
 876  16813319     -9999  
 877  17794538     -9999  
 878  13413787     -9999  
 879  14150230     -9999  
 880  12475872     -9999  
 881  13921835     -9999  
 882  14007485     -9999  
 883  11451756     -9999  
 884   9265774     -9999  
 885  15343966     -9999  
 886  18819479     -9999  
 887  20638697     -9999  
 888  16983702     -9999  
 889  11278569     -9999  
 890  13516725     -9999  
 891   9481251     -9999  
 892  15321382     -9999  
 893  16147989     -9999  
 894  16947113     -9999  
 895  16981406     -9999  
 896  19949459     -9999  
 897  13983532     -9999  
 898  13187246     -9999  
 899  19610235     -9999  
 900  15192137     -9999  
 901  12674597     -9999  
 902  11714415     -9999  
 903  10930496     -9999  
 904  12982115     -9999  
 905  15945619     -9999  
 906   9959861     -9999  
 907  11489422     -9999  
 908  17576552     -9999  
 909  13318833     -9999  
 910  12085905     -9999  
 911  17923033     -9999  
 912  17787123     -9999  
 913  14849548     -9999  
 914  15064765     -9999  
 915  12891388     -9999  
 916  13316244     -9999  
 917  14935387     -9999  
 918  15659161     -9999  
 919  15247500     -9999  
 920   9500506     -9999  
 921  19106196     -9999  
 922  15906623     -9999  
 923  16086271     -9999  
 924   8208759     -9999  
 925  13794313     -9999  
 926  19991100     -9999  
 927  17804970     -9999  
 928  17003065     -9999  
 929  18796579     -9999  
 930  12157849     -9999  
 931  17956098     -9999  
 932  17050192     -9999  
 933  12155107     -9999  
 934  11146973     -9999  
 935  16797857     -9999  
 936  14433986     -9999  
 937  14056929     -9999  
 938  16633077     -9999  
 939  10040185     -9999  
 940  15915509     -9999  
 941  12734409     -9999  
 942  16152948     -9999  
 943  15638433     -9999  
 944  11294867     -9999  
 945  16339827     -9999  
 946  22508201     -9999  
 947  16805647     -9999  
 948  15425356     -9999  
 949  13016335     -9999  
 950  16090789     -9999  
 951  14405340     -9999  
 952  14062005     -9999  
 953   8623809     -9999  
 954  12268518     -9999  
 955  13972330     -9999  
 956  12159522     -9999  
 957  10128590     -9999  
 958  15733651     -9999  
 959  16292903     -9999  
 960  16610628     -9999  
 961  13182320     -9999  
 962  15880912     -9999  
 963  14910857     -9999  
 964  15386764     -9999  
 965  17738236     -9999  
 966  18828385     -9999  
 967  14812504     -9999  
 968  12060472     -9999  
 969  16567639     -9999  
 970  14118469     -9999  
 971  10791315     -9999  
 972  12156413     -9999  
 973  19434828     -9999  
 974  18255218     -9999  
 975  12277885     -9999  
 976  12139513     -9999  
 977  13312977     -9999  
 978  12048300     -9999  
 979  10203405     -9999  
 980   9319139     -9999  
 981  10766232     -9999  
 982  14327884     -9999  
 983  13264517     -9999  
 984  12546348     -9999  
 985  16923564     -9999  
 986  16440714     -9999  
 987  20229089     -9999  
 988  21206327     -9999  
 989  23292621     -9999  
 990  16481867     -9999  
 991  10080641     -9999  
 992   9671646     -9999  
 993   6589160     -9999  
 994  18068321     -9999  
 995  19885739     -9999  
 996  21063573     -9999  
 997  17220991     -9999  
 998  15356086     -9999  
 999  16544211     -9999  
1000  14877797     -9999  
1001  10501887     -9999  
1002  11978694     -9999  
1003  12769884     -9999  
1004  13990495     -9999  
1005   9461485     -9999  
1006  14784258     -9999  
1007  20678460     -9999  
1008  17503414     -9999  
1009  12308213     -9999  
1010   9294206     -9999  
1011  13714618     -9999  
1012  10262843     -9999  
1013  13820951     -9999  
1014  14487551     -9999  
1015  16747214     -9999  
1016  17670173     -9999  
1017  17640601     -9999  
1018  10394735     -9999  
1019   9409336     -9999  
1020  18105935     -9999  
1021  18124999     -9999  
1022  15094283     -9999  
1023  12836840     -9999  
1024  18894851     -9999  
1025  18162618     -9999  
1026  14221888     -9999  
1027  13669327     -9999  
1028  12399862     -9999  
1029  13100963     -9999  
1030  17374256     -9999  
1031  15105586     -9999  
1032  13407319     -9999  
1033  15635576     -9999  
1034  19154861     -9999  
1035  12506314     -9999  
1036  11825692     -9999  
1037  14953658     -9999  
1038  11931908     -9999  
1039  12699595     -9999  
1040  11391158     -9999  
1041  11175312     -9999  
1042  14353845     -9999  
1043  10460812     -9999  
1044  14073595     -9999  
1045  15518514     -9999  
1046  13538687     -9999  
1047  18058858     -9999  
1048  14644674     -9999  
1049  12993821     -9999  
1050  15669499     -9999  
1051  16674473     -9999  
1052  16422729     -9999  
1053  14840857     -9999  
1054  17767180     -9999  
1055  10111888     -9999  
1056  15172421     -9999  
1057  15862496     -9999  
1058  15871943     -9999  
1059  12018201     -9999  
1060  13666835     -9999  
1061  12897314     -9999  
1062  13533262     -9999  
1063  18466066     -9999  
1064  19341366     -9999  
1065  19624458     -9999  
1066  11546582     -9999  
1067   8830444     -9999  
1068   8822977     -9999  
1069  15462789     -9999  
1070  13529410     -9999  
1071  11505838     -9999  
1072  11759955     -9999  
1073  13982372     -9999  
1074  13804826     -9999  
1075  13496526     -9999  
1076  14974205     -9999  
1077  17855211     -9999  
1078  17233997     -9999  
1079  18602513     -9999  
1080  19733386     -9999  
1081  15381384     -9999  
1082  17842463     -9999  
1083  17090497     -9999  
1084  19773386     -9999  
1085  12375599     -9999  
1086  11639526     -9999  
1087  21748387     -9999  
1088  18772575     -9999  
1089  12179030     -9999  
1090   6672708     -9999  
1091  14991728     -9999  
1092  14156860     -9999  
1093  14625812     -9999  
1094  13172326     -9999  
1095  15571227     -9999  
1096  17213059     -9999  
1097  12530193     -9999  
1098  11045975     -9999  
1099  14272185     -9999  
1100  13242872     -9999  
1101  13674020     -9999  
1102  19402738     -9999  
1103  18241411     -9999  
1104  12596279     -9999  
1105  12877861     -9999  
1106  13866734     -9999  
1107  14982699     -9999  
1108  12612249     -9999  
1109  13986848     -9999  
1110  17284941     -9999  
1111  14691908     -9999  
1112  16380601     -9999  
1113  16754696     -9999  
1114  14626886     -9999  
1115  22026363     -9999  
1116  22727608     -9999  
1117  24194926     -9999  
1118  15198467     -9999  
1119  17343542     -9999  
1120  16072275     -9999  
1121  11264540     -9999  
1122  12132127     -9999  
1123  12700462     -9999  
1124  11704944     -9999  
1125  10741073     -9999  
1126   9748065     -9999  
1127  15502448     -9999  
1128  18582919     -9999  
1129  18488251     -9999  
1130  10655159     -9999  
1131   9560845     -9999  
1132  11699048     -9999  
1133  16547682     -9999  
1134  13819333     -9999  
1135  14061348     -9999  
1136  14713897     -9999  
1137  15876296     -9999  
1138  10787179     -9999  
1139  12415081     -9999  
1140  10782048     -9999  
1141  13924803     -9999  
1142  15796580     -9999  
1143  14715540     -9999  
1144  14228629     -9999  
1145  14787494     -9999  
1146  12970200     -9999  
1147   9130803     -9999  
1148  10263057     -9999  
1149  11234640     -9999  
1150   9613057     -9999  
1151  11999159     -9999  
1152  12470889     -9999  
1153  12441106     -9999  
1154  11034330     -9999  
1155  14015581     -9999  
1156  15140250     -9999  
1157  12013171     -9999  
1158  12102465     -9999  
1159  16233576     -9999  
1160  17013375     -9999  
1161  13811087     -9999  
1162  14243387     -9999  
1163  17937813     -9999  
1164  15126045     -9999  
1165  11532680     -9999  
1166  10496804     -9999  
1167  12916221     -9999  
1168  12729042     -9999  
1169  12932490     -9999  
1170  14396775     -9999  
1171  13026405     -9999  
1172  13989363     -9999  
1173  15147193     -9999  
1174  13701515     -9999  
1175  11931295     -9999  
1176  12339335     -9999  
1177  13202284     -9999  
1178  16470525     -9999  
1179  18120208     -9999  
1180  23352142     -9999  
1181  22444036     -9999  
1182  16095914     -9999  
1183  16217934     -9999  
1184  22142071     -9999  
1185  15212123     -9999  
1186  12764073     -9999  
1187  15025322     -9999  
1188  17250481     -9999  
1189  15507349     -9999  
1190  17166975     -9999  
1191  15726693     -9999  
1192  21008069     -9999  
1193  15587930     -9999  
1194  13405580     -9999  
1195  15460298     -9999  
1196  16843900     -9999  
1197  18172433     -9999  
1198  12038821     -9999  
1199  12664712     -9999  
1200  11301394     -9999  
1201  13350069     -9999  
1202  12779189     -9999  
1203  18440661     -9999  
1204  19021471     -9999  
1205  15384703     -9999  
1206  14811230     -9999  
1207  13751179     -9999  
1208  15076857     -9999  
1209  19962063     -9999  
1210  16839580     -9999  
1211  18794046     -9999  
1212  13885555     -9999  
1213  16536407     -9999  
1214  16130220     -9999  
1215  15254344     -9999  
1216  11740947     -9999  
1217   7000037     -9999  
1218  12871699     -9999  
1219  20039779     -9999  
1220  16759843     -9999  
1221  15538876     -9999  
1222  14943771     -9999  
1223  13772519     -9999  
1224  13559834     -9999  
1225  14872257     -9999  
1226  19494561     -9999  
1227  12011803     -9999  
1228  17852915     -9999  
1229  17238225     -9999  
1230  13058864     -9999  
1231  18376027     -9999  
1232  14708419     -9999  
1233  11073295     -9999  
1234   9433699     -9999  
1235  15383438     -9999  
1236  10020008     -9999  
1237  14067793     -9999  
1238  19047136     -9999  
1239  15777383     -9999  
1240  15027009     -9999  
1241  19904511     -9999  
1242  19389281     -9999  
1243  14312132     -9999  
1244  14332911     -9999  
1245   9081832     -9999  
1246  12587038     -9999  
1247  12643045     -9999  
1248  17974812     -9999  
1249  18093009     -9999  
1250  13083625     -9999  
1251   6284489     -9999  
1252  13662566     -9999  
1253  13194745     -9999  
1254   9161193     -9999  
1255  15770874     -9999  
1256  18640025     -9999  
1257  15196234     -9999  
1258   4324184     -9999  
1259  18007627     -9999  
1260  19595446     -9999  
1261  16181219     -9999  
1262  11904021     -9999  
1263  11496655     -9999  
1264  11213891     -9999  
1265  14969902     -9999  
1266  14314209     -9999  
1267  17371044     -9999  
1268  18899130     -9999  
1269  19303041     -9999  
1270  12311057     -9999  
1271  17306809     -9999  
1272  18288359     -9999  
1273  11820681     -9999  
1274   6997822     -9999  
1275  18537742     -9999  
1276  13562667     -9999  
1277  12792102     -9999  
1278  14114524     -9999  
1279   9127828     -9999  
1280   4674667     -9999  
1281  13535975     -9999  
1282  15557946     -9999  
1283  10284756     -9999  
1284  17321044     -9999  
1285  11364232     -9999  
1286   9205187     -9999  
1287  15866410     -9999  
1288  12166108     -9999  
1289  14345620     -9999  
1290  21145894     -9999  
1291  14096805     -9999  
1292  12676237     -9999  
1293  13151418     -9999  
1294  12126403     -9999  
1295   9511687     -9999  
1296  15547878     -9999  
1297  13563354     -9999  
1298  20444526     -9999  
1299  15839933     -9999  
1300  13552663     -9999  
1301  18326013     -9999  
1302  18742542     -9999  
1303  17788972     -9999  
1304  15050913     -9999  
1305  16296579     -9999  
1306  12378133     -9999  
1307   3712901     -9999  
1308  13266817     -9999  
1309  21127571     -9999  
1310  21618098     -9999  
1311  14386468     -9999  
1312  17658884     -9999  
1313  20407377     -9999  
1314  17005754     -9999  
1315  14328518     -9999  
1316   5102211     -9999  
1317   8799648     -9999  
1318  14004764     -9999  
1319  16582590     -9999  
1320  18194366     -9999  
1321  17209391     -9999  
1322  11836432     -9999  
1323   7793270     -9999  
1324  14598327     -9999  
1325  21591004     -9999  
1326  23865802     -9999  
1327  16579578     -9999  
1328  11207847     -9999  
1329   9575798     -9999  
1330  22225789     -9999  
1331  20987808     -9999  
1332  20202701     -9999  
1333  21775496     -9999  
1334  15405540     -9999  
1335  12418460     -9999  
1336  12680033     -9999  
1337  17215804     -9999  
1338  12876360     -9999  
1339  14950363     -9999  
1340  12365834     -9999  
1341  14358691     -9999  
1342  16120451     -9999  
1343  14603560     -9999  
1344  17987232     -9999  
1345  15635854     -9999  
1346  14186763     -9999  
1347  13950740     -9999  
1348  13113031     -9999  
1349  12248106     -9999  
1350   7970750     -9999  
1351  15211748     -9999  
1352  15523565     -9999  
1353  21207658     -9999  
1354  18823109     -9999  
1355  12882860     -9999  
1356  19800030     -9999  
1357  21604115     -9999  
1358  17592360     -9999  
1359  13056011     -9999  
1360   7318534     -9999  
1361  10156193     -9999  
1362  10851175     -9999  
1363  13886320     -9999  
1364  12324604     -9999  
1365  16495946     -9999  
1366  18607275     -9999  
1367  17815591     -9999  
1368  19540706     -9999  
1369  15433793     -9999  
1370  17101200     -9999  
1371  18014438     -9999  
1372  18194576     -9999  
1373  16429353     -9999  
1374  15543774     -9999  
1375  10498553     -9999  
1376  10884553     -9999  
1377  17768988     -9999  
1378  17871956     -9999  
1379  13840694     -9999  
1380  18134522     -9999  
1381  13492932     -9999  
1382  16829761     -9999  
1383  19662202     -9999  
1384  17265645     -9999  
1385  16153308     -9999  
1386  15097215     -9999  
1387  16541885     -9999  
1388  13663852     -9999  
1389   7427148     -9999  
1390  11406848     -9999  
1391  13912521     -9999  
1392  13237576     -9999  
1393  14916081     -9999  
1394  16879922     -9999  
1395  16513194     -9999  
1396  16131018     -9999  
1397   9878540     -9999  
1398  11453117     -9999  
1399   8224677     -9999  
1400  12879594     -9999  
1401  17480152     -9999  
1402  12147877     -9999  
1403  13939979     -9999  
1404  17626178     -9999  
1405  13852027     -9999  
1406  15457714     -9999  
1407  14365637     -9999  
1408  16534711     -9999  
1409  20376154     -9999  
1410  14908050     -9999  
1411  12296524     -9999  
1412  17343862     -9999  
1413  10828995     -9999  
1414  19787402     -9999  
1415  10096401     -9999  
1416  10031229     -9999  
1417  13297674     -9999  
1418  13882106     -9999  
1419  13948958     -9999  
1420  14891320     -9999  
1421  11443167     -9999  
1422  15835044     -9999  
1423  13964155     -9999  
1424  13325686     -9999  
1425  11082957     -9999  
1426  17540002     -9999  
1427  15340520     -9999  
1428  14441535     -9999  
1429  16564995     -9999  
1430  17615716     -9999  
1431  18976166     -9999  
1432  16942650     -9999  
1433  14532326     -9999  
1434  15845391     -9999  
1435  15131373     -9999  
1436  16307562     -9999  
1437  13467976     -9999  
1438  10794470     -9999  
1439  10550095     -9999  
1440  18047489     -9999  
1441  20185319     -9999  
1442  10059045     -9999  
1443  14425095     -9999  
1444  13009182     -9999  
1445   9959633     -9999  
1446  11423783     -9999  
1447  16162945     -9999  
1448  14371959     -9999  
1449  14508034     -9999  
1450   9411372     -9999  
1451  18128897     -9999  
1452  16923112     -9999  
1453  14302778     -9999  
1454   9356632     -9999  
1455   7072318     -9999  
1456  12251861     -9999  
1457  14982642     -9999  
1458  16578918     -9999  
1459  13544539     -9999  
1460   7503510     -9999  
1461  10308124     -9999  
1462  19448273     -9999  
1463  17612606     -9999  
1464  13449700     -9999  
1465   9215321     -9999  
1466  17480483     -9999  
1467  21433236     -9999  
1468  18229745     -9999  
1469  15152509     -9999  
1470  14233471     -9999  
1471   9887768     -9999  
1472   9722365     -9999  
1473  11766665     -9999  
1474  13636421     -9999  
1475  11738936     -9999  
1476  17789630     -9999  
1477  18911340     -9999  
1478  16938101     -9999  
1479  13141894     -9999  
1480  11076401     -9999  
1481  14397519     -9999  
1482  18072585     -9999  
1483  16337517     -9999  
1484  23474994     -9999  
1485  19215991     -9999  
1486  17466079     -9999  
1487  15128190     -9999  
1488  15265868     -9999  
1489  19157418     -9999  
1490  19985431     -9999  
1491  20594059     -9999  
1492  14641397     -9999  
1493  13439659     -9999  
1494  17072805     -9999  
1495   7603949     -9999  
1496   5916445     -9999  
1497  14971029     -9999  
1498  19296230     -9999  
1499   9879429     -9999  
1500   6606660     -9999  
1501  11685536     -9999  
1502  15732297     -9999  
1503  14836480     -9999  
1504  15214217     -9999  
1505   9422774     -9999  
1506   6278161     -9999  
1507  12858541     -9999  
1508  16830423     -9999  
1509  18751510     -9999  
1510  11740251     -9999  
1511  15912264     -9999  
1512  16032679     -9999  
1513  16094805     -9999  
1514  19109696     -9999  
1515  11754489     -9999  
1516  10435022     -9999  
1517  15071168     -9999  
1518  13227347     -9999  
1519  16054656     -9999  
1520  15001701     -9999  
1521  19936479     -9999  
1522  12386280     -9999  
1523  18078110     -9999  
1524  16390922     -9999  
1525  15102833     -9999  
1526  18238444     -9999  
1527  17532499     -9999  
1528  13177312     -9999  
1529  15171035     -9999  
1530  15375853     -9999  
1531   7981140     -9999  
1532   5770816     -9999  
1533  15835009     -9999  
1534  17140512     -9999  
1535  17318324     -9999  
1536  19772326     -9999  
1537  17231643     -9999  
1538  10849382     -9999  
1539  15297488     -9999  
1540  18280541     -9999  
1541  16094878     -9999  
1542   5943902     -9999  
1543  13651732     -9999  
1544  11417908     -9999  
1545  10884303     -9999  
1546  16986742     -9999  
1547  16608440     -9999  
1548  17097490     -9999  
1549  20321540     -9999  
1550  18140838     -9999  
1551  12344133     -9999  
1552  15010693     -9999  
1553  21118609     -9999  
1554  14865623     -9999  
1555  14600919     -9999  
1556  16014145     -9999  
1557  18686037     -9999  
1558   9366400     -9999  
1559  12471945     -9999  
1560  17519942     -9999  
1561  13611055     -9999  
1562  10860170     -9999  
1563  14161188     -9999  
1564  18925366     -9999  
1565  17461973     -9999  
1566  12329556     -9999  
1567  12587999     -9999  
1568  14369337     -9999  
1569  14448698     -9999  
1570  17670864     -9999  
1571  14857286     -9999  
1572  15810191     -9999  
1573  11196090     -9999  
1574   9018733     -9999  
1575  15157797     -9999  
1576  13425936     -9999  
1577  17434913     -9999  
1578  16929319     -9999  
1579  12196115     -9999  
1580   6545386     -9999  
1581  12459877     -9999  
1582  15394834     -9999  
1583  11528963     -9999  
1584   5065861     -9999  
1585  11162872     -9999  
1586  16804806     -9999  
1587  14052118     -9999  
1588  16570708     -9999  
1589  15901033     -9999  
1590   8230022     -9999  
1591   9354717     -9999  
1592  10742741     -9999  
1593  14645499     -9999  
1594  17600884     -9999  
1595  18046022     -9999  
1596  18496086     -9999  
1597  13192564     -9999  
1598   6928084     -9999  
1599  16719725     -9999  
1600   8960227     -9999  
1601  16263698     -9999  
1602  16788943     -9999  
1603  17378911     -9999  
1604  20769598     -9999  
1605  20357729     -9999  
1606  17928935     -9999  
1607   8618502     -9999  
1608  16334922     -9999  
1609  17231604     -9999  
1610  20450994     -9999  
1611  17767330     -9999  
1612  13558944     -9999  
1613  17831145     -9999  
1614  18962714     -9999  
1615  18973181     -9999  
1616  17390572     -9999  
1617  19238230     -9999  
1618  18335574     -9999  
1619  15764215     -9999  
1620  16280395     -9999  
1621  19228895     -9999  
1622  12852050     -9999  
1623  11383467     -9999  
1624  10010793     -9999  
1625   8559332     -9999  
1626  10719155     -9999  
1627  16419855     -9999  
1628  17162425     -9999  
1629  13422717     -9999  
1630  13206160     -9999  
1631   9950750     -9999  
1632  10364626     -9999  
1633  17560535     -9999  
1634  14876760     -9999  
1635  13905808     -9999  
1636  13463969     -9999  
1637  12850771     -9999  
1638  13025056     -9999  
1639  17245707     -9999  
1640  17344244     -9999  
1641  15639305     -9999  
1642  16139706     -9999  
1643  15732442     -9999  
1644  14368511     -9999  
1645  10656822     -9999  
1646  11825314     -9999  
1647  16727114     -9999  
1648  13309322     -9999  
1649  20808580     -9999  
1650  19372009     -9999  
1651  18243928     -9999  
1652  14110301     -9999  
1653   9955852     -9999  
1654   5697057     -9999  
1655  20749456     -9999  
1656  15759561     -9999  
1657  15674917     -9999  
1658  12454468     -9999  
1659  14148090     -9999  
1660  15539915     -9999  
1661  13961918     -9999  
1662  14684597     -9999  
1663  12940337     -9999  
1664   9505687     -9999  
1665  14795378     -9999  
1666  11303027     -9999  
1667   9813918     -9999  
1668  11291979     -9999  
1669  17499695     -9999  
1670  10785486     -9999  
1671   9022441     -9999  
1672  17212381     -9999  
1673  17909282     -9999  
1674  18177502     -9999  
1675  13836780     -9999  
1676  16956507     -9999  
1677  16501330     -9999  
1678  22006178     -9999  
1679  16245453     -9999  
1680  19617118     -9999  
1681  17762032     -9999  
1682  14269412     -9999  
1683  19093399     -9999  
1684  10689075     -9999  
1685   2322177     -9999  
1686   9842311     -9999  
1687  15622717     -9999  
1688  17358260     -9999  
1689  16348071     -9999  
1690  16804401     -9999  
1691  17441394     -9999  
1692  13839010     -9999  
1693  16676798     -9999  
1694  13117077     -9999  
1695  13347773     -9999  
1696  14512797     -9999  
1697  16420690     -9999  
1698  18564498     -9999  
1699  16346622     -9999  
1700  13426001     -9999  
1701  18306871     -9999  
1702  17601431     -9999  
1703  13488958     -9999  
1704   9756015     -9999  
1705  15154305     -9999  
1706  11021615     -9999  
1707  10844602     -9999  
1708  11701556     -9999  
1709  16118452     -9999  
1710  16434633     -9999  
1711  15857383     -9999  
1712  16981628     -9999  
1713  13149720     -9999  
1714   8616161     -9999  
1715  16761784     -9999  
1716  15157404     -9999  
1717  14038381     -9999  
1718  16007992     -9999  
1719  19531052     -9999  
1720  23128312     -9999  
1721  12390175     -9999  
1722   6949958     -9999  
1723  13304340     -9999  
1724  16426371     -9999  
1725  20992798     -9999  
1726  23447554     -9999  
1727  17418148     -9999  
1728  10789022     -9999  
1729   7214078     -9999  
1730  12825200     -9999  
1731  15044130     -9999  
1732  14820605     -9999  
1733  16069785     -9999  
1734  19152893     -9999  
1735   7886935     -9999  
1736   7848322     -9999  
1737  12612781     -9999  
1738  19027369     -9999  
1739  17020702     -9999  
1740  10444545     -9999  
1741  16647748     -9999  
1742  17414794     -9999  
1743  18598879     -9999  
1744  13134391     -9999  
1745  16205589     -9999  
1746  20558223     -9999  
1747  21190904     -9999  
1748   8583517     -9999  
1749  17431930     -9999  
1750  12591948     -9999  
1751  14025177     -9999  
1752  12163455     -9999  
1753  17390820     -9999  
1754  15389495     -9999  
1755  12521122     -9999  
1756   8647480     -9999  
1757  10506417     -9999  
1758  14485832     -9999  
1759  11710169     -9999  
1760  18094832     -9999  
1761  17842243     -9999  
1762  18685303     -9999  
1763  11133611     -9999  
1764  16417513     -9999  
1765  10443268     -9999  
1766  14946122     -9999  
1767  10951235     -9999  
1768  20608650     -9999  
1769  18784798     -9999  
1770  14266815     -9999  
1771  17742347     -9999  
1772  11955456     -9999  
1773   6337543     -9999  
1774  12380829     -9999  
1775  16047726     -9999  
1776  13272704     -9999  
1777   9760678     -9999  
1778  11321330     -9999  
1779  14354074     -9999  
1780  12416602     -9999  
1781  13213168     -9999  
1782  11553847     -9999  
1783  16535333     -9999  
1784  19075777     -9999  
1785  18081922     -9999  
1786  10852814     -9999  
1787  16328004     -9999  
1788  13106051     -9999  
1789   9856187     -9999  
1790  18835738     -9999  
1791  19580717     -9999  
1792  19701256     -9999  
1793  14344111     -9999  
1794  13950021     -9999  
1795  12960876     -9999  
1796  15729694     -9999  
1797  19171080     -9999  
1798   7495455     -9999  
1799  16000551     -9999  
1800  16022144     -9999  
1801  13799737     -9999  
1802  17069178     -9999  
1803  12347164     -9999  
1804  10645306     -9999  
1805  12229383     -9999  
1806  11861776     -9999  
1807  15258134     -9999  
1808  14394148     -9999  
1809  12683184     -9999  
1810  13987168     -9999  
1811  18994730     -9999  
1812  17167571     -9999  
1813   9346367     -9999  
1814  11007162     -9999  
1815  17256874     -9999  
1816  20882477     -9999  
1817  18290415     -9999  
1818  12893176     -9999  
1819  12073770     -9999  
1820  11327178     -9999  
1821  15663558     -9999  
1822  12152479     -9999  
1823  13057854     -9999  
1824   9014545     -9999  
1825  13049505     -9999  
1826  18466343     -9999  
1827  15930088     -9999  
1828  18933166     -9999  
1829  10210995     -9999  
1830  11887808     -9999  
1831  16939086     -9999  
1832  18813144     -9999  
1833  15968011     -9999  
1834  11157432     -9999  
1835  14831420     -9999  
1836  16998303     -9999  
1837  22500632     -9999  
1838  20963412     -9999  
1839  19492304     -9999  
1840  20078673     -9999  
1841  19445809     -9999  
1842  12025429     -9999  
1843  18964927     -9999  
1844  14690949     -9999  
1845   4805152     -9999  
1846   8708407     -9999  
1847   8544461     -9999  
1848  17180791     -9999  
1849  23350628     -9999  
1850  18357277     -9999  
1851   4031730     -9999  
1852  16437781     -9999  
1853  20111748     -9999  
1854  14851441     -9999  
1855   9668239     -9999  
1856  16949423     -9999  
1857  13601649     -9999  
1858  17609040     -9999  
1859  15055322     -9999  
1860  15549238     -9999  
1861   7478484     -9999  
1862  20187522     -9999  
1863  14577500     -9999  
1864  12329809     -9999  
1865  16550562     -9999  
1866  22524595     -9999  
1867  23422661     -9999  
1868  18438311     -9999  
1869  15944738     -9999  
1870  12798464     -9999  
1871   8557330     -9999  
1872  16384725     -9999  
1873  14822054     -9999  
1874  11662991     -9999  
1875  13151150     -9999  
1876  15123750     -9999  
1877  13109625     -9999  
1878  12710653     -9999  
1879   7795158     -9999  
1880  13613252     -9999  
1881  12333486     -9999  
1882  10013855     -9999  
1883  11667556     -9999  
1884  17931370     -9999  
1885  17835907     -9999  
1886  14151383     -9999  
1887   9181242     -9999  
1888  13942728     -9999  
1889  12788786     -9999  
1890  15429342     -9999  
1891  16085331     -9999  
1892  15143183     -9999  
1893  11154406     -9999  
1894  12309645     -9999  
1895  16062292     -9999  
1896   9048322     -9999  
1897  17142532     -9999  
1898  15890999     -9999  
1899  11767275     -9999  
1900  11559656     -9999  
1901  10990975     -9999  
1902   6227271     -9999  
1903  15239210     -9999  
1904  12582518     -9999  
1905  16876783     -9999  
1906  18012581  18214678
1907  17494095  21234305
1908  12901150  11773952
1909  17868753  21841427
1910  16220557  14736670
1911  16282859  15125081
1912  18708881  19082127
1913  13677831  14472192
1914  18910887  21066767
1915  16244239  14137603
1916  18269154  19187542
1917  21707407  23849259
1918  14060764  15750724
1919  13512373  12951469
1920  19668726  21927976
1921  21959351  22703070
1922  16390119  18669586
1923  16350332  18343663
1924  15865022  14639094
1925  11327000  13410821
1926  17308622  16114020
1927  17739553  18551860
1928  17709683  17577859
1929  15778167  21407051
1930  15088462  15283505
1931  12956812   8631719
1932  17135345  17545522
1933  13582902  12130063
1934   7219251   6627514
1935  13929788  12280022
1936  12676016  14485382
1937  15437266  14161753
1938  18276820  17920064
1939  15290333  11718056
1940  13698362   9380279
1941  19554721  18319340
1942  20817271  19428259
1943  14970744  13624479
1944  13124177  15512509
1945  10827207  13912713
1946   9284562  11062728
1947  15896430  15916279
1948  17074094  15880189
1949  18496606  16662172
1950  12283675  13317921
1951  10213593  12485833
1952  17828356  20900043
1953  12604875  11204001
1954   6965792   8368141
1955  15611382   9795470
1956  12613718  11505097
1957  18288849  20159803
1958  16877171  16899937
1959   8023650   9232537
1960  13374495  11974847
1961  11291329   9247778
1962  17032106  17769350
1963  11257214   9259450
1964  12953635  10801202
1965  18846014  18866401
1966  14933402  11622229
1967  12805002  11808474
1968  12932949  13508237
1969  16562413  14849712
1970  16201561  15344263
1971  12450491  15328915
1972  11799624  12639988
1973  20315636  19454642
1974  16062776  13514611
1975  15668027  17040250
1976  10330838  11467038
1977   3603193   5629636
1978  17676531  15119888
1979  19867787  18035181
1980  16035166  17688851
1981   9862471   8796290
1982  17722469  16721840
1983  23454564  24449470
1984  21325443  25275313
1985  21628180  21227596
1986  21814109  22619039
1987  17002147  17000899
1988  12733193  11842665
1989  12544807  10160587
1990   8691323   9314034
1991  15336002  12318377
1992  15285129  11025129
1993  18886069  18157551
1994  11624175  10684313
1995  17344231  20172606
1996  15530905  14549373
1997  16228977  21176671
1998  17375457  17184319
1999  15413953  16713900
2000  10681849  11057654
2001  10219732  11048316
2002   4464679   6229694
2003  14581652  10497431
2004  14405387   9433491
2005  16690946  16838684
