Green River near Green River, WY	 (Barnett)	
Upper Colorado River Basin		
Annual (Water Year, Oct-Sep) streamflow reconstruction		
Values in acre-feet		
Recon = reconstruction		
Observed = natural flow record from Bureau of Reclamation		
Recon Interval: 1615-1999		
Observed Interval: 1914-1995		
PI: F. A. Barnett		
Reference: Barnett, F. A. 2007. Upper Green River Basin Streamflow 
Reconstructions and Drought Variability. M.S. Thesis, Department of Civil and 
Architectural Engineering, University of Wyoming, 118 pp.
URL: http://treeflow.info/upco/greengreenrivwybarnett.html 		

==========
Year   Recon    Observed
1615   1359177     -9999             
1616   1066749     -9999      
1617   1683944     -9999      
1618   1315435     -9999      
1619   1516003     -9999      
1620   1241880     -9999      
1621   1553438     -9999      
1622   1109943     -9999      
1623   1239029     -9999      
1624   1508225     -9999      
1625    876306     -9999      
1626    878058     -9999      
1627   1532462     -9999      
1628   1528548     -9999      
1629   1099973     -9999      
1630   1001309     -9999      
1631   1029432     -9999      
1632    711433     -9999      
1633   1777979     -9999      
1634   1309233     -9999      
1635   1259673     -9999      
1636   1306518     -9999      
1637   1058029     -9999      
1638   1255341     -9999      
1639   1431503     -9999      
1640   1239744     -9999      
1641   1425140     -9999      
1642   1564338     -9999      
1643    827621     -9999      
1644   1466438     -9999      
1645    990094     -9999      
1646    782110     -9999      
1647   1623199     -9999      
1648   1083396     -9999      
1649   1776437     -9999      
1650   1485139     -9999      
1651   1629726     -9999      
1652   1166955     -9999      
1653    948294     -9999      
1654   1180065     -9999      
1655   1737683     -9999      
1656    943579     -9999      
1657    692432     -9999      
1658   1066081     -9999      
1659   1207844     -9999      
1660   1471942     -9999      
1661   1543419     -9999      
1662   1561322     -9999      
1663   1473744     -9999      
1664   1326811     -9999      
1665   1128289     -9999      
1666   1473806     -9999      
1667    930310     -9999      
1668   1001456     -9999      
1669   1352162     -9999      
1670   1343675     -9999      
1671   1390788     -9999      
1672   1711741     -9999      
1673   1911620     -9999      
1674   1634087     -9999      
1675   1185460     -9999      
1676   2257145     -9999      
1677   1893734     -9999      
1678   1473125     -9999      
1679   1302556     -9999      
1680   2135579     -9999      
1681   1108384     -9999      
1682   1062113     -9999      
1683   1925466     -9999      
1684   1150442     -9999      
1685    551468     -9999      
1686   1009456     -9999      
1687   1651351     -9999      
1688   1556215     -9999      
1689   1623546     -9999      
1690    918055     -9999      
1691   1633077     -9999      
1692   1722166     -9999      
1693   1307335     -9999      
1694   1639822     -9999      
1695    579178     -9999      
1696   1261925     -9999      
1697   1795087     -9999      
1698   1333058     -9999      
1699   1904008     -9999      
1700   1426171     -9999      
1701   1952976     -9999      
1702   1882232     -9999      
1703    878153     -9999      
1704    728432     -9999      
1705   1469350     -9999      
1706    759593     -9999      
1707   1364694     -9999      
1708   1048390     -9999      
1709   1445270     -9999      
1710   1244873     -9999      
1711   1134657     -9999      
1712   1524609     -9999      
1713   1243337     -9999      
1714   1277905     -9999      
1715   1297801     -9999      
1716   1594390     -9999      
1717    964730     -9999      
1718   1262512     -9999      
1719   1790738     -9999      
1720   1938595     -9999      
1721   1028953     -9999      
1722    903824     -9999      
1723   1334241     -9999      
1724   1265388     -9999      
1725   1393550     -9999      
1726   2310824     -9999      
1727   1588959     -9999      
1728   1767767     -9999      
1729    787700     -9999      
1730   1782486     -9999      
1731   1260289     -9999      
1732   1208319     -9999      
1733   2069973     -9999      
1734   1812924     -9999      
1735    408158     -9999      
1736    904435     -9999      
1737   1230902     -9999      
1738   1183535     -9999      
1739   1256715     -9999      
1740   1261285     -9999      
1741   1590287     -9999      
1742   1402201     -9999      
1743   1296835     -9999      
1744   1001510     -9999      
1745   1838999     -9999      
1746   1865111     -9999      
1747   1853731     -9999      
1748   1477232     -9999      
1749   1379450     -9999      
1750   1557374     -9999      
1751   1662332     -9999      
1752   1358495     -9999      
1753   2112190     -9999      
1754   1512237     -9999      
1755   1094405     -9999      
1756    561712     -9999     
1757   1293098     -9999      
1758   1319749     -9999      
1759    805252     -9999      
1760   1395733     -9999      
1761   1528254     -9999      
1762   1353536     -9999      
1763   1063988     -9999      
1764   1688918     -9999      
1765   1052511     -9999      
1766   1579807     -9999      
1767   1219858     -9999      
1768   1878414     -9999      
1769   1578286     -9999      
1770   1456837     -9999      
1771   1636174     -9999      
1772   1264595     -9999      
1773    865769     -9999      
1774    997884     -9999      
1775   1616092     -9999      
1776   1448656     -9999      
1777   1141234     -9999      
1778   1046048     -9999      
1779   1401658     -9999      
1780   1413000     -9999      
1781   1334246     -9999      
1782    776902     -9999      
1783   1429878     -9999      
1784   1396692     -9999      
1785   1289355     -9999      
1786   1071869     -9999      
1787   1677572     -9999      
1788   1292378     -9999      
1789   1384116     -9999      
1790   1887484     -9999      
1791   1638339     -9999      
1792   1796809     -9999      
1793   1128824     -9999      
1794   1572262     -9999      
1795    400747     -9999      
1796   1893139     -9999      
1797   1727686     -9999      
1798    861820     -9999      
1799   1732605     -9999      
1800   1057430     -9999      
1801   1098086     -9999      
1802   1765795     -9999      
1803    869664     -9999      
1804   1047949     -9999      
1805    946365     -9999      
1806   1173192     -9999      
1807   1118161     -9999      
1808   1173333     -9999      
1809    997793     -9999      
1810   1505435     -9999      
1811   1887638     -9999      
1812   1575331     -9999      
1813   1246844     -9999      
1814   1256397     -9999      
1815   1192671     -9999      
1816   1439629     -9999      
1817   1408352     -9999      
1818   1219302     -9999      
1819   1338538     -9999      
1820   1423368     -9999      
1821   1638511     -9999      
1822    850202     -9999      
1823   1678091     -9999      
1824    843671     -9999      
1825   1314888     -9999      
1826   1668019     -9999      
1827   1416119     -9999      
1828   2291090     -9999      
1829    895467     -9999      
1830   1075119     -9999      
1831   1389168     -9999      
1832   1573262     -9999      
1833   1455016     -9999      
1834    839784     -9999      
1835   1450859     -9999      
1836   1550433     -9999      
1837   2213576     -9999      
1838   1901268     -9999      
1839   2344988     -9999      
1840   1434105     -9999      
1841   1812537     -9999      
1842   834528      -9999     
1843   1928562     -9999      
1844   1119857     -9999      
1845    478159     -9999      
1846    903040     -9999      
1847   1189394     -9999      
1848    888635     -9999      
1849   1832384     -9999      
1850   1696863     -9999      
1851    889925     -9999      
1852   1445369     -9999      
1853   1943885     -9999      
1854   1732988     -9999      
1855    732317     -9999      
1856   1122366     -9999      
1857   1300571     -9999      
1858   1459038     -9999      
1859   1220745     -9999      
1860   1362706     -9999      
1861   1058257     -9999      
1862   2097276     -9999      
1863   1490860     -9999      
1864   1097024     -9999      
1865   1402078     -9999      
1866   2145646     -9999      
1867   1939360     -9999      
1868   1759059     -9999      
1869   1359967     -9999      
1870   1174764     -9999      
1871    574505     -9999      
1872   1595403     -9999      
1873   1529423     -9999      
1874   1243859     -9999      
1875   1804941     -9999      
1876   1545236     -9999      
1877    901810     -9999      
1878   1139433     -9999      
1879    767493     -9999      
1880   1205059     -9999      
1881   1228270     -9999      
1882    738039     -9999      
1883   1070871     -9999      
1884   1668837     -9999      
1885   1712041     -9999      
1886   1341892     -9999      
1887    882018     -9999      
1888   1209864     -9999      
1889    760554     -9999      
1890   1531805     -9999      
1891   1738908     -9999      
1892   1264233     -9999      
1893    850271     -9999      
1894   1366170     -9999      
1895   1864793     -9999      
1896    774302     -9999      
1897   1467260     -9999      
1898   1513908     -9999      
1899    885620     -9999      
1900   1391585     -9999      
1901   1042114     -9999      
1902    727429     -9999      
1903   1350344     -9999      
1904   1278002     -9999      
1905   1601988     -9999      
1906   1614812     -9999      
1907   1907434     -9999      
1908   1601560     -9999      
1909   1829594     -9999      
1910   1570404     -9999      
1911   1449109     -9999      
1912   1643383     -9999      
1913   1570060     -9999      
1914   1999474   1969354
1915   1095542    920299
1916   1796411   1863298
1917   1857129   2181397
1918   1735953   1871698
1919    861256    786999
1920   1185469   1596098
1921   1762157   1880898
1922   1418775   1915998
1923   1733775   1782398
1924   1081093   1179799
1925   1331466   1503598
1926   1951844   1210499
1927   1647163   1693098
1928   1898665   1648498
1929   1392783   1242299
1930   1345794   1461298
1931   1203468    696099
1932   1353449   1242399
1933    941117    978799
1934    617178    466299
1935   1227351    991099
1936   1180744   1679898
1937   1631381   1298198
1938   1461388   1441098
1939   1356161   1077599
1940    698302    571499
1941   1517538   1155499
1942   1683533   1360398
1943   1414973   1778898
1944   1553729   1416498
1945   1042942   1205899
1946   1149565   1305320
1947   1877459   1887736
1948   1524392   1284411
1949   1729373   1315912
1950   1567156   2066277
1951   1612106   2102818
1952   1476017   1708267
1953   1103397   1219509
1954    971939   1296282
1955    915581    946739
1956   1437729   1764951
1957   1791057   1619723
1958   1098430   1237664
1959   1091054   1044453
1960   1300695    815501
1961   1088189    705204
1962   1965309   1596745
1963   1379556   1082856
1964   1165930   1364274
1965   1651418   1975443
1966   1380907   1162022
1967   1594707   1625081
1968   1420183   1346607
1969   1773892   1536253
1970   1081910   1054106
1971   1422947   1939605
1972   1593467   2193787
1973   1530089   1381707
1974   1529091   1673432
1975   1551890   1526271
1976   1586823   1671165
1977    719464    575379
1978   1649697   1714130
1979   1365975   1143045
1980   1509365   1541978
1981    894038    932836
1982   1515028   1898747
1983   1950620   2245982
1984   1760364   1876792       
1985   1272018   1249762       
1986   2051038   2525422       
1987   1721061   1439903       
1988    845616    937765       
1989   1001482   1030369       
1990   1175894   1086353       
1991   1459051   1282867       
1992   1136608    852047       
1993   1689751   1368696       
1994   1094138    957825       
1995   1632509   1606072       
1996   1643636     -9999      
1997   1202820     -9999      
1998   1811068     -9999      
1999   1482016     -9999