Green River near Greendale, UT		
Upper Colorado River Basin		
Annual (Water Year, Oct-Sep) streamflow reconstruction		
Values in acre-feet		
Recon = reconstruction		
Observed = natural flow record from Bureau of Reclamation		
Recon Interval: 1615-1999		
Observed Interval: 1914-1995		
PI: F. A. Barnett		
Reference: Barnett, F. A. 2007. Upper Green River Basin Streamflow 
Reconstructions and Drought Variability. M.S. Thesis, Department of Civil and 
Architectural Engineering, University of Wyoming, 118 pp.
URL: http://treeflow.info/upco/greengreendale.html 		

==========
Year   Recon    Observed
1615   1630972     -9999          
1616   1378601     -9999   
1617   2361449     -9999   
1618   2111878     -9999   
1619   1791887     -9999   
1620   1761882     -9999   
1621   2366999     -9999   
1622   1629779     -9999   
1623   1469725     -9999   
1624   1896260     -9999   
1625   1238270     -9999   
1626    859408     -9999   
1627   1987658     -9999   
1628   2160178     -9999   
1629   1885059     -9999   
1630   1424019     -9999   
1631   1547397     -9999   
1632   1185377     -9999   
1633   2406032     -9999   
1634   1606656     -9999   
1635   1468481     -9999   
1636   1962837     -9999   
1637   1447440     -9999   
1638   1576299     -9999   
1639   2094455     -9999   
1640   1439511     -9999   
1641   1812243     -9999   
1642   2202713     -9999   
1643   1027606     -9999   
1644   2267683     -9999   
1645   1238580     -9999   
1646    594846     -9999   
1647   2528863     -9999   
1648   1671454     -9999   
1649   2573326     -9999   
1650   2128849     -9999   
1651   1856516     -9999   
1652   1751826     -9999   
1653    968435     -9999   
1654   1831742     -9999   
1655   2708384     -9999   
1656   1169956     -9999   
1657    796284     -9999   
1658   1178387     -9999   
1659   1606839     -9999   
1660   1980155     -9999   
1661   2029637     -9999   
1662   2254506     -9999   
1663   2355087     -9999   
1664   1860788     -9999   
1665   1538911     -9999   
1666   1891209     -9999   
1667   1148575     -9999   
1668   1468506     -9999   
1669   1978744     -9999   
1670   1723228     -9999   
1671   1790892     -9999   
1672   2585168     -9999   
1673   2574082     -9999   
1674   2369323     -9999   
1675   1633782     -9999   
1676   3259243     -9999   
1677   2655494     -9999   
1678   1719498     -9999   
1679   1706712     -9999   
1680   3241806     -9999   
1681   1834262     -9999   
1682   1721700     -9999   
1683   2843729     -9999   
1684   1520962     -9999   
1685    392043     -9999   
1686   1185306     -9999   
1687   2550460     -9999   
1688   2553939     -9999   
1689   2172592     -9999   
1690   1136175     -9999   
1691   2516432     -9999   
1692   2431193     -9999   
1693   2092084     -9999   
1694   2570443     -9999   
1695    854971     -9999   
1696   1977121     -9999   
1697   2347357     -9999   
1698   1811293     -9999   
1699   2747416     -9999   
1700   2084232     -9999   
1701   2920052     -9999   
1702   2691165     -9999   
1703   1241764     -9999   
1704   1136747     -9999   
1705   2142083     -9999   
1706    842296     -9999   
1707   1820871     -9999   
1708   1385671     -9999   
1709   2001393     -9999   
1710   1986088     -9999   
1711   1429148     -9999   
1712   2172010     -9999   
1713   1660582     -9999   
1714   1719545     -9999   
1715   1833642     -9999   
1716   2123600     -9999   
1717   1243036     -9999   
1718   1805894     -9999   
1719   2655773     -9999   
1720   2711652     -9999   
1721   1598995     -9999   
1722    862200     -9999   
1723   1729722     -9999   
1724   1843789     -9999   
1725   1949745     -9999   
1726   3343203     -9999   
1727   2195824     -9999   
1728   2498153     -9999   
1729   1376113     -9999   
1730   2306483     -9999   
1731   1794415     -9999   
1732   1661199     -9999   
1733   2890994     -9999   
1734   2548413     -9999   
1735    396249     -9999   
1736    766063     -9999   
1737   1493928     -9999   
1738   1723222     -9999   
1739   1847430     -9999   
1740   1671329     -9999   
1741   2191421     -9999   
1742   1933232     -9999   
1743   1938792     -9999   
1744   1355073     -9999   
1745   2406642     -9999   
1746   2544896     -9999   
1747   2583962     -9999   
1748   2022104     -9999   
1749   2070345     -9999   
1750   2328429     -9999   
1751   2312790     -9999   
1752   1876553     -9999   
1753   3028603     -9999   
1754   2138500     -9999   
1755   1481973     -9999   
1756   724879      -9999  
1757   1619085     -9999   
1758   1960048     -9999   
1759   1115957     -9999   
1760   1994032     -9999   
1761   2113855     -9999   
1762   2073484     -9999   
1763   1393034     -9999   
1764   2506819     -9999   
1765   1345616     -9999   
1766   2196596     -9999   
1767   1484756     -9999   
1768   2855947     -9999   
1769   2475422     -9999   
1770   1979127     -9999   
1771   2406275     -9999   
1772   1751943     -9999   
1773   1024685     -9999   
1774   1377206     -9999   
1775   2351851     -9999   
1776   2006409     -9999   
1777   1866283     -9999   
1778   1189938     -9999   
1779   2118631     -9999   
1780   1589303     -9999   
1781   1878192     -9999   
1782    990386     -9999   
1783   1833139     -9999   
1784   2306419     -9999   
1785   1768482     -9999   
1786   1351490     -9999   
1787   2328429     -9999   
1788   1773208     -9999   
1789   1866262     -9999   
1790   2646302     -9999   
1791   2329835     -9999   
1792   2387154     -9999   
1793   1648751     -9999   
1794   2049948     -9999   
1795    763106     -9999   
1796   2837109     -9999   
1797   2724265     -9999   
1798   1045297     -9999   
1799   2575923     -9999   
1800   1406503     -9999   
1801   1440400     -9999   
1802   2475171     -9999   
1803   1237649     -9999   
1804   1384741     -9999   
1805   1276887     -9999   
1806   1741920     -9999   
1807   1865038     -9999   
1808   1889283     -9999   
1809   1276413     -9999   
1810   2129405     -9999   
1811   2595049     -9999   
1812   2166583     -9999   
1813   1622880     -9999   
1814   1598396     -9999   
1815   1956488     -9999   
1816   1670282     -9999   
1817   2013821     -9999   
1818   1571917     -9999   
1819   2053008     -9999   
1820   1865510     -9999   
1821   2553764     -9999   
1822   1116909     -9999   
1823   2352112     -9999   
1824   1131890     -9999   
1825   1794152     -9999   
1826   2448343     -9999   
1827   1960663     -9999   
1828   3127011     -9999   
1829   1096604     -9999   
1830   1611863     -9999   
1831   2158680     -9999   
1832   2377082     -9999   
1833   2031088     -9999   
1834   1395116     -9999   
1835   1708825     -9999   
1836   1992380     -9999   
1837   2990199     -9999   
1838   2633576     -9999   
1839   3317751     -9999   
1840   2309629     -9999   
1841   2718918     -9999   
1842   1071711     -9999   
1843   2677517     -9999   
1844   1852010     -9999   
1845    611220     -9999   
1846   1253178     -9999   
1847   1695692     -9999   
1848   1224557     -9999   
1849   2786915     -9999   
1850   2421914     -9999   
1851   1040236     -9999   
1852   2056046     -9999   
1853   2722546     -9999   
1854   2301110     -9999   
1855    899658     -9999   
1856   1748014     -9999   
1857   1728183     -9999   
1858   2095617     -9999   
1859   1876144     -9999   
1860   1770998     -9999   
1861   1100183     -9999   
1862   2896472     -9999   
1863   2130484     -9999   
1864   1651755     -9999   
1865   1977249     -9999   
1866   2865055     -9999   
1867   3004222     -9999   
1868   2582381     -9999   
1869   1764338     -9999   
1870   1468255     -9999   
1871    649693     -9999   
1872   2309418     -9999   
1873   2218501     -9999   
1874   1557579     -9999   
1875   2583577     -9999   
1876   2068654     -9999   
1877   1225755     -9999   
1878   1505392     -9999   
1879    975104     -9999   
1880   1719433     -9999   
1881   1774259     -9999   
1882   1119649     -9999   
1883   1793960     -9999   
1884   2462939     -9999   
1885   2430943     -9999   
1886   1882952     -9999   
1887    991806     -9999   
1888   1561946     -9999   
1889   1040327     -9999   
1890   2212242     -9999   
1891   2480137     -9999   
1892   1771294     -9999   
1893   1237998     -9999   
1894   1898177     -9999   
1895   2636893     -9999   
1896   1267984     -9999   
1897   2081971     -9999   
1898   1987712     -9999   
1899   1433356     -9999   
1900   1585458     -9999   
1901   1571387     -9999   
1902   1151264     -9999   
1903   2106296     -9999   
1904   1945945     -9999   
1905   2216705     -9999   
1906   2289783     -9999   
1907   2534730     -9999   
1908   1807675     -9999   
1909   2533014     -9999   
1910   1852879     -9999   
1911   2007456     -9999   
1912   2402425     -9999   
1913   2225932     -9999   
1914   2739132   2846409
1915   1327747   1481515
1916   2361476   2562145
1917   2887891   3158036
1918   2364383   2442859
1919   1186829   1183695
1920   1914227   2443098
1921   2553951   2921301
1922   2071833   2777978
1923   2624462   2681415
1924   1449988   1494759
1925   1746195   2086653
1926   2672957   1625314
1927   2257372   2421459
1928   2438790   2199686
1929   2345150   1942685
1930   1912148   2027415
1931   1800729    896378
1932   2006687   2020135
1933   1407637   1556512
1934    717642    659365
1935   1727750   1561284
1936   1795336   2484966
1937   2157537   1776729
1938   2160823   2171874
1939   1607851   1384098
1940    917593    931891
1941   2022015   1682705
1942   2526653   1816399
1943   1894217   2463003
1944   2125488   2046733
1945   1499222   1756725
1946   1244136   1922165
1947   2477795   2512562
1948   2071215   1712634
1949   2431424   1897561
1950   2300257   2877194
1951   2119146   2548283
1952   2169342   2380599
1953   1513584   1524066
1954   1328422   1474362
1955   1225325   1225382
1956   1986719   2167617
1957   2590493   2237024
1958   1472931   1562363
1959   1683847   1400000
1960   1978334   1189386
1961   1407275   1009600
1962   2784555   2358128
1963   1725193   1374784
1964   1666584   1820627
1965   2403691   3104804
1966   1753877   1355579
1967   2202714   2165921
1968   1968080   1822521
1969   2161098   1847187
1970   1804464   1621544
1971   2251676   2728392
1972   2165007   2871126
1973   2200037   2148804
1974   2005808   2132571
1975   2184079   2295808
1976   2060063   2010247
1977    976516    743276
1978   2200641   2183872
1979   1969484   1413617
1980   2119728   2172454
1981   1144147   1167954
1982   2018966   2589002
1983   2989030   3495284
1984   2505616   2850518       
1985   1668460   1730361       
1986   2908485   3445200       
1987   2370381   1879663       
1988   1438147   1364537       
1989   1292999   1430947       
1990   1515142   1442078       
1991   2101477   1813693       
1992   1661694   1199179       
1993   2158567   1990641       
1994   1502838   1321640       
1995   2346167   2384556       
1996   2285905     -9999   
1997   1752336     -9999   
1998   2503955     -9999   
1999   2004966     -9999