Year Month Historical
1915	10	91010.0000	
1915	11	90042.0000	
1915	12	87129.0000	
1916	1	69435.0000	
1916	2	95561.0000	
1916	3	190553.0000	
1916	4	298764.0000	
1916	5	489067.0000	
1916	6	540825.0000	
1916	7	557395.0000	
1916	8	253607.0000	
1916	9	118834.0000	
1916	10	77821.0000	
1916	11	75739.0000	
1916	12	69307.0000	
1917	1	59827.0000	
1917	2	61596.0000	
1917	3	52355.0000	
1917	4	132320.0000	
1917	5	394088.0000	
1917	6	507772.0000	
1917	7	377544.0000	
1917	8	151733.0000	
1917	9	92119.0000	
1917	10	66795.0000	
1917	11	53305.0000	
1917	12	102554.0000	
1918	1	158954.0000	
1918	2	102288.0000	
1918	3	113271.0000	
1918	4	250201.0000	
1918	5	401030.0000	
1918	6	412395.0000	
1918	7	234559.0000	
1918	8	162565.0000	
1918	9	95896.0000	
1918	10	102352.0000	
1918	11	109886.0000	
1918	12	90606.0000	
1919	1	103925.0000	
1919	2	113894.0000	
1919	3	121148.0000	
1919	4	257496.0000	
1919	5	377582.0000	
1919	6	342325.0000	
1919	7	241456.0000	
1919	8	134348.0000	
1919	9	90368.0000	
1919	10	69163.0000	
1919	11	76190.0000	
1919	12	62207.0000	
1920	1	71025.0000	
1920	2	86487.0000	
1920	3	81693.0000	
1920	4	129509.0000	
1920	5	331432.0000	
1920	6	354517.0000	
1920	7	313089.0000	
1920	8	150076.0000	
1920	9	113639.0000	
1920	10	115268.0000	
1920	11	106320.0000	
1920	12	101475.0000	
1921	1	154635.0000	
1921	2	128078.0000	
1921	3	167874.0000	
1921	4	273956.0000	
1921	5	449317.0000	
1921	6	514426.0000	
1921	7	290811.0000	
1921	8	150726.0000	
1921	9	93344.0000	
1921	10	73659.0000	
1921	11	76906.0000	
1921	12	103185.0000	
1922	1	58980.0000	
1922	2	60748.0000	
1922	3	66299.0000	
1922	4	124006.0000	
1922	5	370791.0000	
1922	6	476017.0000	
1922	7	214601.0000	
1922	8	126126.0000	
1922	9	94572.0000	
1922	10	77276.0000	
1922	11	74247.0000	
1922	12	59922.0000	
1923	1	101309.0000	
1923	2	61077.0000	
1923	3	67467.0000	
1923	4	189437.0000	
1923	5	373765.0000	
1923	6	462659.0000	
1923	7	323415.0000	
1923	8	160763.0000	
1923	9	95049.0000	
1923	10	83338.0000	
1923	11	65621.0000	
1923	12	80910.0000	
1924	1	56860.0000	
1924	2	110597.0000	
1924	3	83927.0000	
1924	4	115400.0000	
1924	5	367315.0000	
1924	6	266024.0000	
1924	7	167111.0000	
1924	8	118339.0000	
1924	9	83202.0000	
1924	10	77067.0000	
1924	11	111632.0000	
1924	12	83726.0000	
1925	1	72296.0000	
1925	2	140065.0000	
1925	3	125032.0000	
1925	4	277882.0000	
1925	5	493709.0000	
1925	6	416630.0000	
1925	7	271184.0000	
1925	8	129242.0000	
1925	9	89800.0000	
1925	10	64216.0000	
1925	11	56857.0000	
1925	12	68768.0000	
1926	1	60808.0000	
1926	2	104025.0000	
1926	3	116782.0000	
1926	4	174882.0000	
1926	5	343744.0000	
1926	6	267758.0000	
1926	7	169155.0000	
1926	8	113503.0000	
1926	9	115642.0000	
1926	10	112689.0000	
1926	11	97046.0000	
1926	12	155933.0000	
1927	1	98262.0000	
1927	2	142713.0000	
1927	3	149194.0000	
1927	4	198812.0000	
1927	5	445660.0000	
1927	6	594449.0000	
1927	7	344768.0000	
1927	8	161790.0000	
1927	9	166973.0000	
1927	10	131870.0000	
1927	11	156550.0000	
1927	12	165327.0000	
1928	1	117285.0000	
1928	2	114042.0000	
1928	3	165572.0000	
1928	4	245748.0000	
1928	5	622349.0000	
1928	6	416012.0000	
1928	7	273059.0000	
1928	8	139570.0000	
1928	9	90546.0000	
1928	10	75910.0000	
1928	11	70960.0000	
1928	12	58493.0000	
1929	1	56738.0000	
1929	2	49818.0000	
1929	3	78773.0000	
1929	4	121134.0000	
1929	5	246972.0000	
1929	6	305939.0000	
1929	7	192796.0000	
1929	8	114383.0000	
1929	9	70966.0000	
1929	10	52599.0000	
1929	11	49221.0000	
1929	12	55412.0000	
1930	1	42763.0000	
1930	2	74108.0000	
1930	3	75880.0000	
1930	4	174775.0000	
1930	5	315985.0000	
1930	6	278803.0000	
1930	7	182204.0000	
1930	8	110829.0000	
1930	9	69135.0000	
1930	10	76427.0000	
1930	11	65987.0000	
1930	12	53360.0000	
1931	1	51591.0000	
1931	2	57389.0000	
1931	3	84847.0000	
1931	4	165509.0000	
1931	5	334994.0000	
1931	6	258760.0000	
1931	7	161401.0000	
1931	8	100745.0000	
1931	9	81500.0000	
1931	10	64115.0000	
1931	11	77948.0000	
1931	12	52812.0000	
1932	1	55421.0000	
1932	2	55061.0000	
1932	3	129113.0000	
1932	4	255381.0000	
1932	5	641636.0000	
1932	6	551364.0000	
1932	7	280711.0000	
1932	8	132571.0000	
1932	9	83593.0000	
1932	10	75203.0000	
1932	11	113466.0000	
1932	12	89840.0000	
1933	1	93658.0000	
1933	2	73231.0000	
1933	3	102280.0000	
1933	4	151732.0000	
1933	5	397149.0000	
1933	6	517179.0000	
1933	7	324449.0000	
1933	8	161363.0000	
1933	9	105696.0000	
1933	10	89387.0000	
1933	11	132795.0000	
1933	12	200842.0000	
1934	1	214350.0000	
1934	2	149927.0000	
1934	3	191104.0000	
1934	4	356654.0000	
1934	5	446198.0000	
1934	6	445859.0000	
1934	7	207207.0000	
1934	8	122943.0000	
1934	9	71933.0000	
1934	10	76199.0000	
1934	11	125859.0000	
1934	12	90484.0000	
1935	1	90935.0000	
1935	2	91553.0000	
1935	3	94207.0000	
1935	4	144829.0000	
1935	5	362946.0000	
1935	6	469670.0000	
1935	7	273702.0000	
1935	8	151852.0000	
1935	9	90385.0000	
1935	10	68239.0000	
1935	11	57962.0000	
1935	12	50736.0000	
1936	1	74693.0000	
1936	2	48672.0000	
1936	3	103276.0000	
1936	4	218089.0000	
1936	5	461805.0000	
1936	6	369536.0000	
1936	7	183308.0000	
1936	8	115030.0000	
1936	9	90695.0000	
1936	10	60584.0000	
1936	11	50856.0000	
1936	12	49528.0000	
1937	1	37449.0000	
1937	2	49314.0000	
1937	3	76829.0000	
1937	4	127947.0000	
1937	5	354064.0000	
1937	6	405727.0000	
1937	7	235183.0000	
1937	8	137823.0000	
1937	9	97143.0000	
1937	10	74154.0000	
1937	11	96119.0000	
1937	12	116022.0000	
1938	1	112762.0000	
1938	2	104209.0000	
1938	3	138673.0000	
1938	4	216253.0000	
1938	5	423213.0000	
1938	6	635406.0000	
1938	7	282543.0000	
1938	8	130013.0000	
1938	9	85418.0000	
1938	10	80455.0000	
1938	11	79184.0000	
1938	12	66310.0000	
1939	1	77749.0000	
1939	2	78997.0000	
1939	3	92295.0000	
1939	4	213918.0000	
1939	5	371787.0000	
1939	6	265596.0000	
1939	7	189742.0000	
1939	8	113542.0000	
1939	9	68592.0000	
1939	10	59983.0000	
1939	11	53649.0000	
1939	12	77964.0000	
1940	1	62308.0000	
1940	2	92082.0000	
1940	3	159128.0000	
1940	4	341742.0000	
1940	5	421755.0000	
1940	6	415092.0000	
1940	7	186641.0000	
1940	8	116528.0000	
1940	9	94715.0000	
1940	10	112923.0000	
1940	11	130897.0000	
1940	12	96374.0000	
1941	1	102648.0000	
1941	2	106714.0000	
1941	3	147556.0000	
1941	4	218948.0000	
1941	5	403187.0000	
1941	6	363672.0000	
1941	7	220852.0000	
1941	8	136596.0000	
1941	9	156006.0000	
1941	10	111355.0000	
1941	11	128505.0000	
1941	12	186882.0000	
1942	1	99896.0000	
1942	2	143615.0000	
1942	3	115518.0000	
1942	4	263836.0000	
1942	5	367243.0000	
1942	6	463490.0000	
1942	7	298739.0000	
1942	8	159340.0000	
1942	9	92281.0000	
1942	10	68124.0000	
1942	11	87132.0000	
1942	12	87585.0000	
1943	1	85635.0000	
1943	2	86682.0000	
1943	3	100645.0000	
1943	4	409844.0000	
1943	5	399630.0000	
1943	6	557208.0000	
1943	7	394832.0000	
1943	8	194113.0000	
1943	9	98433.0000	
1943	10	73979.0000	
1943	11	78752.0000	
1943	12	66776.0000	
1944	1	58594.0000	
1944	2	71964.0000	
1944	3	63860.0000	
1944	4	119225.0000	
1944	5	271329.0000	
1944	6	289715.0000	
1944	7	180961.0000	
1944	8	115625.0000	
1944	9	85345.0000	
1944	10	74744.0000	
1944	11	81627.0000	
1944	12	63303.0000	
1945	1	91351.0000	
1945	2	101919.0000	
1945	3	102438.0000	
1945	4	175368.0000	
1945	5	424132.0000	
1945	6	429611.0000	
1945	7	259559.0000	
1945	8	129866.0000	
1945	9	101314.0000	
1945	10	90802.0000	
1945	11	104345.0000	
1945	12	85872.0000	
1946	1	132807.0000	
1946	2	90655.0000	
1946	3	139511.0000	
1946	4	254812.0000	
1946	5	480485.0000	
1946	6	486132.0000	
1946	7	291011.0000	
1946	8	158281.0000	
1946	9	103475.0000	
1946	10	90735.0000	
1946	11	95061.0000	
1946	12	149735.0000	
1947	1	85137.0000	
1947	2	112900.0000	
1947	3	147533.0000	
1947	4	244725.0000	
1947	5	477816.0000	
1947	6	486593.0000	
1947	7	234724.0000	
1947	8	144126.0000	
1947	9	116193.0000	
1947	10	165726.0000	
1947	11	155071.0000	
1947	12	104359.0000	
1948	1	139083.0000	
1948	2	115527.0000	
1948	3	135940.0000	
1948	4	231366.0000	
1948	5	538220.0000	
1948	6	862507.0000	
1948	7	350148.0000	
1948	8	212321.0000	
1948	9	106038.0000	
1948	10	92793.0000	
1948	11	87170.0000	
1948	12	79228.0000	
1949	1	58180.0000	
1949	2	70646.0000	
1949	3	129498.0000	
1949	4	270533.0000	
1949	5	565142.0000	
1949	6	406529.0000	
1949	7	198444.0000	
1949	8	128300.0000	
1949	9	91604.0000	
1949	10	88092.0000	
1949	11	91956.0000	
1949	12	99910.0000	
1950	1	82275.0000	
1950	2	89598.0000	
1950	3	143600.0000	
1950	4	239926.0000	
1950	5	402246.0000	
1950	6	636181.0000	
1950	7	451862.0000	
1950	8	185091.0000	
1950	9	104439.0000	
1950	10	105244.0000	
1950	11	144854.0000	
1950	12	147472.0000	
1951	1	153893.0000	
1951	2	181694.0000	
1951	3	123741.0000	
1951	4	351547.0000	
1951	5	573567.0000	
1951	6	461483.0000	
1951	7	334331.0000	
1951	8	166835.0000	
1951	9	109664.0000	
1951	10	132356.0000	
1951	11	115259.0000	
1951	12	122859.0000	
1952	1	82943.0000	
1952	2	110410.0000	
1952	3	90339.0000	
1952	4	276166.0000	
1952	5	597211.0000	
1952	6	447592.0000	
1952	7	271305.0000	
1952	8	148159.0000	
1952	9	88432.0000	
1952	10	53034.0000	
1952	11	52633.0000	
1952	12	49353.0000	
1953	1	132174.0000	
1953	2	138473.0000	
1953	3	112353.0000	
1953	4	135610.0000	
1953	5	392974.0000	
1953	6	483586.0000	
1953	7	301397.0000	
1953	8	157144.0000	
1953	9	99355.0000	
1953	10	77143.0000	
1953	11	80403.0000	
1953	12	96332.0000	
1954	1	80506.0000	
1954	2	103321.0000	
1954	3	116430.0000	
1954	4	187048.0000	
1954	5	418967.0000	
1954	6	405271.0000	
1954	7	380157.0000	
1954	8	177291.0000	
1954	9	162424.0000	
1954	10	93973.0000	
1954	11	95196.0000	
1954	12	80935.0000	
1955	1	75615.0000	
1955	2	68084.0000	
1955	3	69100.0000	
1955	4	128430.0000	
1955	5	268703.0000	
1955	6	388228.0000	
1955	7	317161.0000	
1955	8	168188.0000	
1955	9	97307.0000	
1955	10	103418.0000	
1955	11	107642.0000	
1955	12	129123.0000	
1956	1	147235.0000	
1956	2	93208.0000	
1956	3	136280.0000	
1956	4	355485.0000	
1956	5	622099.0000	
1956	6	757360.0000	
1956	7	318554.0000	
1956	8	154739.0000	
1956	9	95379.0000	
1956	10	90805.0000	
1956	11	87137.0000	
1956	12	88615.0000	
1957	1	62693.0000	
1957	2	62742.0000	
1957	3	118100.0000	
1957	4	181217.0000	
1957	5	580386.0000	
1957	6	492096.0000	
1957	7	208342.0000	
1957	8	133821.0000	
1957	9	86812.0000	
1957	10	75333.0000	
1957	11	73822.0000	
1957	12	77423.0000	
1958	1	85990.0000	
1958	2	138661.0000	
1958	3	141314.0000	
1958	4	240477.0000	
1958	5	534746.0000	
1958	6	537329.0000	
1958	7	202191.0000	
1958	8	123353.0000	
1958	9	83055.0000	
1958	10	83813.0000	
1958	11	111541.0000	
1958	12	94541.0000	
1959	1	130146.0000	
1959	2	128068.0000	
1959	3	114068.0000	
1959	4	260110.0000	
1959	5	418388.0000	
1959	6	501854.0000	
1959	7	379287.0000	
1959	8	167988.0000	
1959	9	134588.0000	
1959	10	127435.0000	
1959	11	114664.0000	
1959	12	106488.0000	
1960	1	75858.0000	
1960	2	117270.0000	
1960	3	113969.0000	
1960	4	306097.0000	
1960	5	421442.0000	
1960	6	503914.0000	
1960	7	276105.0000	
1960	8	148267.0000	
1960	9	107685.0000	
1960	10	72565.0000	
1960	11	90061.0000	
1960	12	84522.0000	
1961	1	70265.0000	
1961	2	165921.0000	
1961	3	145132.0000	
1961	4	218596.0000	
1961	5	386943.0000	
1961	6	669664.0000	
1961	7	251721.0000	
1961	8	126564.0000	
1961	9	91326.0000	
1961	10	85490.0000	
1961	11	77457.0000	
1961	12	76563.0000	
1962	1	68989.0000	
1962	2	97352.0000	
1962	3	83080.0000	
1962	4	264628.0000	
1962	5	379928.0000	
1962	6	389909.0000	
1962	7	270972.0000	
1962	8	151185.0000	
1962	9	93306.0000	
1962	10	107545.0000	
1962	11	90418.0000	
1962	12	124188.0000	
1963	1	84483.0000	
1963	2	146075.0000	
1963	3	114677.0000	
1963	4	225544.0000	
1963	5	344678.0000	
1963	6	441949.0000	
1963	7	221804.0000	
1963	8	136349.0000	
1963	9	99698.0000	
1963	10	77656.0000	
1963	11	105499.0000	
1963	12	72535.0000	
1964	1	76950.0000	
1964	2	83854.0000	
1964	3	70674.0000	
1964	4	168515.0000	
1964	5	348739.0000	
1964	6	659486.0000	
1964	7	313859.0000	
1964	8	173452.0000	
1964	9	117602.0000	
1964	10	95412.0000	
1964	11	79327.0000	
1964	12	145276.0000	
1965	1	141756.0000	
1965	2	160647.0000	
1965	3	154896.0000	
1965	4	263668.0000	
1965	5	493086.0000	
1965	6	646116.0000	
1965	7	324702.0000	
1965	8	178586.0000	
1965	9	112249.0000	
1965	10	83191.0000	
1965	11	80700.0000	
1965	12	67689.0000	
1966	1	86125.0000	
1966	2	66363.0000	
1966	3	94462.0000	
1966	4	239539.0000	
1966	5	315730.0000	
1966	6	319817.0000	
1966	7	227770.0000	
1966	8	129929.0000	
1966	9	90927.0000	
1966	10	70281.0000	
1966	11	78299.0000	
1966	12	98986.0000	
1967	1	91216.0000	
1967	2	125434.0000	
1967	3	104880.0000	
1967	4	128483.0000	
1967	5	360108.0000	
1967	6	633070.0000	
1967	7	341105.0000	
1967	8	132407.0000	
1967	9	81387.0000	
1967	10	80656.0000	
1967	11	89426.0000	
1967	12	70816.0000	
1968	1	77221.0000	
1968	2	107480.0000	
1968	3	173272.0000	
1968	4	179442.0000	
1968	5	317578.0000	
1968	6	364516.0000	
1968	7	286282.0000	
1968	8	173170.0000	
1968	9	134100.0000	
1968	10	115089.0000	
1968	11	116679.0000	
1968	12	97571.0000	
1969	1	90350.0000	
1969	2	88942.0000	
1969	3	128659.0000	
1969	4	339681.0000	
1969	5	571642.0000	
1969	6	635975.0000	
1969	7	268832.0000	
1969	8	138981.0000	
1969	9	84232.0000	
1969	10	101944.0000	
1969	11	73328.0000	
1969	12	70874.0000	
1970	1	111487.0000	
1970	2	155702.0000	
1970	3	134405.0000	
1970	4	175595.0000	
1970	5	402054.0000	
1970	6	518460.0000	
1970	7	239695.0000	
1970	8	140333.0000	
1970	9	95303.0000	
1970	10	82522.0000	
1970	11	83904.0000	
1970	12	80521.0000	
1971	1	103037.0000	
1971	2	131550.0000	
1971	3	106537.0000	
1971	4	247610.0000	
1971	5	578895.0000	
1971	6	582272.0000	
1971	7	368531.0000	
1971	8	182798.0000	
1971	9	105391.0000	
1971	10	90508.0000	
1971	11	86786.0000	
1971	12	84439.0000	
1972	1	90910.0000	
1972	2	97972.0000	
1972	3	256016.0000	
1972	4	254101.0000	
1972	5	525079.0000	
1972	6	741054.0000	
1972	7	364342.0000	
1972	8	177496.0000	
1972	9	104662.0000	
1972	10	83794.0000	
1972	11	71002.0000	
1972	12	86785.0000	
1973	1	112001.0000	
1973	2	84383.0000	
1973	3	97857.0000	
1973	4	132397.0000	
1973	5	327191.0000	
1973	6	293301.0000	
1973	7	172268.0000	
1973	8	105256.0000	
1973	9	80004.0000	
1973	10	78543.0000	
1973	11	121562.0000	
1973	12	153434.0000	
1974	1	197221.0000	
1974	2	213879.0000	
1974	3	165392.0000	
1974	4	311664.0000	
1974	5	493497.0000	
1974	6	806024.0000	
1974	7	453872.0000	
1974	8	192347.0000	
1974	9	96583.0000	
1974	10	63657.0000	
1974	11	62271.0000	
1974	12	75795.0000	
1975	1	70482.0000	
1975	2	76457.0000	
1975	3	91347.0000	
1975	4	131930.0000	
1975	5	442184.0000	
1975	6	644448.0000	
1975	7	412218.0000	
1975	8	181705.0000	
1975	9	139411.0000	
1975	10	104654.0000	
1975	11	112189.0000	
1975	12	153670.0000	
1976	1	127092.0000	
1976	2	118748.0000	
1976	3	124536.0000	
1976	4	243511.0000	
1976	5	514581.0000	
1976	6	438076.0000	
1976	7	364497.0000	
1976	8	243537.0000	
1976	9	120876.0000	
1976	10	85227.0000	
1976	11	70437.0000	
1976	12	60333.0000	
1977	1	61779.0000	
1977	2	63240.0000	
1977	3	63480.0000	
1977	4	132158.0000	
1977	5	249954.0000	
1977	6	175835.0000	
1977	7	155852.0000	
1977	8	123834.0000	
1977	9	114654.0000	
1977	10	84419.0000	
1977	11	82817.0000	
1977	12	168358.0000	
1978	1	93200.0000	
1978	2	107222.0000	
1978	3	150309.0000	
1978	4	283357.0000	
1978	5	484200.0000	
1978	6	491272.0000	
1978	7	382931.0000	
1978	8	188611.0000	
1978	9	147102.0000	
1978	10	85452.0000	
1978	11	71478.0000	
1978	12	65238.0000	
1979	1	52553.0000	
1979	2	77949.0000	
1979	3	121571.0000	
1979	4	169306.0000	
1979	5	441957.0000	
1979	6	342073.0000	
1979	7	194695.0000	
1979	8	118911.0000	
1979	9	91494.0000	
1979	10	65645.0000	
1979	11	69743.0000	
1979	12	76461.0000	
1980	1	78517.0000	
1980	2	80715.0000	
1980	3	125257.0000	
1980	4	195586.0000	
1980	5	636556.0000	
1980	6	455963.0000	
1980	7	269899.0000	
1980	8	154381.0000	
1980	9	106568.0000	
1980	10	78986.0000	
1980	11	100266.0000	
1980	12	97932.0000	
1981	1	137214.0000	
1981	2	167925.0000	
1981	3	168109.0000	
1981	4	212913.0000	
1981	5	399257.0000	
1981	6	490712.0000	
1981	7	306005.0000	
1981	8	176337.0000	
1981	9	95837.0000	
1981	10	96820.0000	
1981	11	91477.0000	
1981	12	140345.0000	
1982	1	87173.0000	
1982	2	180919.0000	
1982	3	190056.0000	
1982	4	253912.0000	
1982	5	557208.0000	
1982	6	646412.0000	
1982	7	364984.0000	
1982	8	167765.0000	
1982	9	98118.0000	
1982	10	98289.0000	
1982	11	100123.0000	
1982	12	100617.0000	
1983	1	129578.0000	
1983	2	147046.0000	
1983	3	268525.0000	
1983	4	267119.0000	
1983	5	483823.0000	
1983	6	673188.0000	
1983	7	321382.0000	
1983	8	179181.0000	
1983	9	107100.0000	
1983	10	93762.0000	
1983	11	158182.0000	
1983	12	100172.0000	
1984	1	104176.0000	
1984	2	127411.0000	
1984	3	168700.0000	
1984	4	296935.0000	
1984	5	461114.0000	
1984	6	541581.0000	
1984	7	449475.0000	
1984	8	184462.0000	
1984	9	108789.0000	
1984	10	78347.0000	
1984	11	93142.0000	
1984	12	70121.0000	
1985	1	59971.0000	
1985	2	61417.0000	
1985	3	99555.0000	
1985	4	191037.0000	
1985	5	331291.0000	
1985	6	418597.0000	
1985	7	197707.0000	
1985	8	127384.0000	
1985	9	109990.0000	
1985	10	91323.0000	
1985	11	94177.0000	
1985	12	57795.0000	
1986	1	67871.0000	
1986	2	105723.0000	
1986	3	305922.0000	
1986	4	267674.0000	
1986	5	369017.0000	
1986	6	565502.0000	
1986	7	205994.0000	
1986	8	128627.0000	
1986	9	97459.0000	
1986	10	93315.0000	
1986	11	91100.0000	
1986	12	86454.0000	
1987	1	69839.0000	
1987	2	97663.0000	
1987	3	138540.0000	
1987	4	182470.0000	
1987	5	433182.0000	
1987	6	296821.0000	
1987	7	185566.0000	
1987	8	155312.0000	
1987	9	88496.0000	
1987	10	58233.0000	
1987	11	51795.0000	
1987	12	72418.0000	
1988	1	55782.0000	
1988	2	63925.0000	
1988	3	81617.0000	
1988	4	199364.0000	
1988	5	299200.0000	
1988	6	313807.0000	
1988	7	193722.0000	
1988	8	115058.0000	
1988	9	75700.0000	
1988	10	85783.0000	
1988	11	98157.0000	
1988	12	72022.0000	
1989	1	71290.0000	
1989	2	63237.0000	
1989	3	110601.0000	
1989	4	292273.0000	
1989	5	519753.0000	
1989	6	501596.0000	
1989	7	239614.0000	
1989	8	154639.0000	
1989	9	113832.0000	
1989	10	76346.0000	
1989	11	105388.0000	
1989	12	90331.0000	
1990	1	137026.0000	
1990	2	112033.0000	
1990	3	129391.0000	
1990	4	270488.0000	
1990	5	370834.0000	
1990	6	408512.0000	
1990	7	273568.0000	
1990	8	159978.0000	
1990	9	101394.0000	
1990	10	83264.0000	
1990	11	112510.0000	
1990	12	103221.0000	
1991	1	89831.0000	
1991	2	115552.0000	
1991	3	124143.0000	
1991	4	190627.0000	
1991	5	405825.0000	
1991	6	453268.0000	
1991	7	365449.0000	
1991	8	175096.0000	
1991	9	96005.0000	
1991	10	59089.0000	
1991	11	70462.0000	
1991	12	74325.0000	
1992	1	58217.0000	
1992	2	99208.0000	
1992	3	118084.0000	
1992	4	178970.0000	
1992	5	349982.0000	
1992	6	292112.0000	
1992	7	195016.0000	
1992	8	134563.0000	
1992	9	90626.0000	
1992	10	72291.0000	
1992	11	84349.0000	
1992	12	58500.0000	
1993	1	56131.0000	
1993	2	58746.0000	
1993	3	86360.0000	
1993	4	220570.0000	
1993	5	546063.0000	
1993	6	475809.0000	
1993	7	254332.0000	
1993	8	181442.0000	
1993	9	107818.0000	
1993	10	81193.0000	
1993	11	62341.0000	
1993	12	70416.0000	
1994	1	74280.0000	
1994	2	60865.0000	
1994	3	101285.0000	
1994	4	176518.0000	
1994	5	344513.0000	
1994	6	278415.0000	
1994	7	167310.0000	
1994	8	104746.0000	
1994	9	70169.0000	
1994	10	63561.0000	
1994	11	83524.0000	
1994	12	71265.0000	
1995	1	89094.0000	
1995	2	141291.0000	
1995	3	196677.0000	
1995	4	245567.0000	
1995	5	499496.0000	
1995	6	655423.0000	
1995	7	316643.0000	
1995	8	164583.0000	
1995	9	99402.0000	
1995	10	107932.0000	
1995	11	115596.0000	
1995	12	226741.0000	
1996	1	161076.0000	
1996	2	251829.0000	
1996	3	215037.0000	
1996	4	359654.0000	
1996	5	541912.0000	
1996	6	662957.0000	
1996	7	382227.0000	
1996	8	173614.0000	
1996	9	96680.0000	
1996	10	84770.0000	
1996	11	93497.0000	
1996	12	88268.0000	
1997	1	171459.0000	
1997	2	141571.0000	
1997	3	200118.0000	
1997	4	360377.0000	
1997	5	772942.0000	
1997	6	920204.0000	
1997	7	437833.0000	
1997	8	229596.0000	
1997	9	129895.0000	
1997	10	103188.0000	
1997	11	113708.0000	
1997	12	86206.0000	
1998	1	90852.0000	
1998	2	109130.0000	
1998	3	138742.0000	
1998	4	211604.0000	
1998	5	631239.0000	
1998	6	475323.0000	
1998	7	238720.0000	
1998	8	141272.0000	
1998	9	85375.0000	
1998	10	71879.0000	
1998	11	83957.0000	
1998	12	141167.0000	
1999	1	161875.0000	
1999	2	140506.0000	
1999	3	200065.0000	
1999	4	256716.0000	
1999	5	371027.0000	
1999	6	522850.0000	
1999	7	379656.0000	
1999	8	192780.0000	
1999	9	94957.0000	
1999	10	71357.0000	
1999	11	97125.0000	
1999	12	143381.0000	
2000	1	84319.0000	
2000	2	99079.0000	
2000	3	141212.0000	
2000	4	278348.0000	
2000	5	411075.0000	
2000	6	466553.0000	
2000	7	286133.0000	
2000	8	149413.0000	
2000	9	92502.0000	
2000	10	72349.0000	
2000	11	65246.0000	
2000	12	51873.0000	
2001	1	50499.0000	
2001	2	48445.0000	
2001	3	64776.0000	
2001	4	116302.0000	
2001	5	342109.0000	
2001	6	285600.0000	
2001	7	169567.0000	
2001	8	113539.0000	
2001	9	69004.0000	
2001	10	66301.0000	
2001	11	83102.0000	
2001	12	75730.0000	
2002	1	71670.0000	
2002	2	77357.0000	
2002	3	78148.0000	
2002	4	261095.0000	
2002	5	363529.0000	
2002	6	483758.0000	
2002	7	283822.0000	
2002	8	129393.0000	
2002	9	88417.0000	
2002	10	58175.0000	
2002	11	57138.0000	
2002	12	64092.0000	
2003	1	85511.0000	
2003	2	166243.0000	
2003	3	156860.0000	
2003	4	246945.0000	
2003	5	351862.0000	
2003	6	484967.0000	
2003	7	212519.0000	
2003	8	114403.0000	
2003	9	84745.0000	
2003	10	74036.0000	
2003	11	83957.0000	
2003	12	76130.0000	
2004	1	58289.0000	
2004	2	83570.0000	
2004	3	152313.0000	
2004	4	273096.0000	
2004	5	392379.0000	
2004	6	347354.0000	
2004	7	222663.0000	
2004	8	139436.0000	
2004	9	147231.0000	
2004	10	104555.0000	
2004	11	94956.0000	
2004	12	94511.0000	
2005	1	81841.0000	
2005	2	90511.0000	
2005	3	110327.0000	
2005	4	183139.0000	
2005	5	455996.0000	
2005	6	351447.0000	
2005	7	231970.0000	
2005	8	138299.0000	
2005	9	96081.0000	
2005	10	79115.0000	
2005	11	90296.0000	
2005	12	63685.0000	
2006	1	171388.0000	
2006	2	117876.0000	
2006	3	131364.0000	
2006	4	279083.0000	
2006	5	634212.0000	
2006	6	646150.0000	
2006	7	253991.0000	
2006	8	122511.0000	
2006	9	78173.0000	
