Salinas River at Paso Robles, CA	
California		
Mean annual (Water Year, Oct-Sep) streamflow reconstruction		
Values in cubic feet per second (CFS)		
Recon = reconstruction		
Observed = gage record from USGS	
Recon Interval: 1409-2003		
Observed Interval: 1940-2003 (1966-1969 missing)		
PI: R. D. Griffin		
Reference: Griffin, R.D. 2005. Paleohydrology of the Salinas River, California, 
reconstructed from blue oak tree rings. Geological Society of America
Annual Meeting, Denver, CO, October 16, 2005.
URL: http://treeflow.info/cali/salinas.html
Add'l Info: ftp://ftp.ncdc.noaa.gov/pub/data/paleo/treering/
reconstructions/california/salinas-flow.txt

==========    		
Year    Recon   Observed
1409    112.38     -9999      
1410     56.14     -9999      
1411    145.49     -9999      
1412    162.05     -9999      
1413      0.00     -9999      
1414    128.37     -9999      
1415    138.36     -9999      
1416    141.78     -9999      
1417      0.00     -9999      
1418    151.77     -9999      
1419     25.88     -9999      
1420    323.06     -9999      
1421     54.43     -9999      
1422    149.49     -9999      
1423    134.93     -9999      
1424    223.14     -9999      
1425     72.70     -9999      
1426     21.88     -9999      
1427    122.08     -9999      
1428    140.07     -9999      
1429    145.49     -9999      
1430      0.00     -9999      
1431     35.01     -9999      
1432    114.66     -9999      
1433    303.94     -9999      
1434      1.04     -9999      
1435     67.84     -9999      
1436    200.02     -9999      
1437    146.35     -9999      
1438    140.93     -9999      
1439    188.89     -9999      
1440    210.87     -9999      
1441    341.62     -9999      
1442    194.03     -9999      
1443    120.37     -9999      
1444      0.00     -9999      
1445    169.19     -9999      
1446     71.84     -9999      
1447     63.85     -9999      
1448    101.24     -9999      
1449    145.21     -9999      
1450     23.88     -9999      
1451    156.06     -9999      
1452      0.00     -9999      
1453     80.12     -9999      
1454     38.44     -9999      
1455    234.85     -9999      
1456     21.60     -9999      
1457     40.15     -9999      
1458    190.31     -9999      
1459      0.00     -9999      
1460     40.44     -9999      
1461     99.82     -9999      
1462    278.81     -9999      
1463    106.67     -9999      
1464      0.00     -9999      
1465      0.47     -9999      
1466    220.58     -9999      
1467    297.08     -9999      
1468      0.00     -9999      
1469    177.75     -9999      
1470    231.71     -9999      
1471    121.80     -9999      
1472     55.57     -9999      
1473     54.71     -9999      
1474    196.31     -9999      
1475    117.52     -9999      
1476      0.00     -9999      
1477     15.60     -9999      
1478     53.28     -9999      
1479     12.46     -9999      
1480      3.33     -9999      
1481     47.86     -9999      
1482    119.23     -9999      
1483     95.25     -9999      
1484    163.48     -9999      
1485    164.05     -9999      
1486    151.49     -9999      
1487    114.38     -9999      
1488    224.00     -9999      
1489    238.28     -9999      
1490     86.40     -9999      
1491    242.56     -9999      
1492      0.00     -9999      
1493    234.28     -9999      
1494    135.50     -9999      
1495    122.94     -9999      
1496     59.28     -9999      
1497      0.00     -9999      
1498    170.33     -9999      
1499      0.00     -9999      
1500     71.27     -9999      
1501    189.46     -9999      
1502    145.49     -9999      
1503    154.34     -9999      
1504     71.56     -9999      
1505      0.00     -9999      
1506     69.27     -9999      
1507     70.70     -9999      
1508    186.03     -9999      
1509    278.24     -9999      
1510      0.00     -9999      
1511    162.62     -9999      
1512    155.20     -9999      
1513     89.83     -9999      
1514    123.80     -9999      
1515     15.32     -9999      
1516      0.00     -9999      
1517     88.97     -9999      
1518      0.00     -9999      
1519     31.59     -9999      
1520     48.72     -9999      
1521      0.00     -9999      
1522     99.25     -9999      
1523    121.80     -9999      
1524    364.46     -9999      
1525    161.77     -9999      
1526    191.74     -9999      
1527      7.61     -9999      
1528     13.32     -9999      
1529      0.00     -9999      
1530    211.15     -9999      
1531     65.27     -9999      
1532      0.00     -9999      
1533     97.53     -9999      
1534    250.84     -9999      
1535    212.58     -9999      
1536    218.01     -9999      
1537    113.24     -9999      
1538    168.33     -9999      
1539    153.77     -9999      
1540     87.83     -9999      
1541      0.00     -9999      
1542      0.00     -9999      
1543     81.83     -9999      
1544     58.42     -9999      
1545     57.28     -9999      
1546    195.45     -9999      
1547     28.16     -9999      
1548      6.18     -9999      
1549    239.99     -9999      
1550    118.66     -9999      
1551    200.59     -9999      
1552    103.81     -9999      
1553    189.74     -9999      
1554     51.86     -9999      
1555     59.56     -9999      
1556    131.79     -9999      
1557    249.41     -9999      
1558    136.64     -9999      
1559    100.10     -9999      
1560    224.86     -9999      
1561     27.31     -9999      
1562     58.99     -9999      
1563    139.21     -9999      
1564    142.35     -9999      
1565    267.68     -9999      
1566    134.65     -9999      
1567    174.04     -9999      
1568    229.71     -9999      
1569     36.44     -9999      
1570    108.67     -9999      
1571      0.00     -9999      
1572      4.47     -9999      
1573    147.21     -9999      
1574    138.36     -9999      
1575     44.72     -9999      
1576     31.87     -9999      
1577    228.85     -9999      
1578    149.78     -9999      
1579      0.00     -9999      
1580      0.00     -9999      
1581    196.60     -9999      
1582    112.66     -9999      
1583    250.27     -9999      
1584    103.81     -9999      
1585      0.00     -9999      
1586    202.30     -9999      
1587    177.47     -9999      
1588      7.32     -9999      
1589    281.10     -9999      
1590      0.00     -9999      
1591    219.43     -9999      
1592      0.00     -9999      
1593    102.39     -9999      
1594     55.00     -9999      
1595      0.00     -9999      
1596    193.74     -9999      
1597      0.00     -9999      
1598    125.51     -9999      
1599    191.74     -9999      
1600     66.99     -9999      
1601    223.14     -9999      
1602    186.60     -9999      
1603     83.55     -9999      
1604    224.29     -9999      
1605    226.86     -9999      
1606    162.91     -9999      
1607     74.98     -9999      
1608     95.25     -9999      
1609    208.87     -9999      
1610    214.58     -9999      
1611    121.80     -9999      
1612    104.96     -9999      
1613      0.00     -9999      
1614    100.10     -9999      
1615    137.50     -9999      
1616    244.84     -9999      
1617    144.64     -9999      
1618     48.72     -9999      
1619    115.23     -9999      
1620    178.04     -9999      
1621      0.00     -9999      
1622     21.88     -9999      
1623    236.28     -9999      
1624     66.99     -9999      
1625    130.65     -9999      
1626      1.90     -9999      
1627    215.44     -9999      
1628    154.06     -9999      
1629      0.00     -9999      
1630    110.38     -9999      
1631      0.00     -9999      
1632      0.00     -9999      
1633     47.00     -9999      
1634      0.00     -9999      
1635    235.14     -9999      
1636     91.25     -9999      
1637      0.00     -9999      
1638     92.11     -9999      
1639     11.89     -9999      
1640    226.00     -9999      
1641    155.49     -9999      
1642    202.30     -9999      
1643      0.00     -9999      
1644    150.06     -9999      
1645    109.52     -9999      
1646     19.31     -9999      
1647     27.02     -9999      
1648     53.86     -9999      
1649    252.55     -9999      
1650     55.85     -9999      
1651    207.73     -9999      
1652     62.99     -9999      
1653     40.15     -9999      
1654      0.00     -9999      
1655      0.00     -9999      
1656    336.77     -9999      
1657     45.58     -9999      
1658     51.57     -9999      
1659     24.45     -9999      
1660    249.12     -9999      
1661    196.88     -9999      
1662    168.90     -9999      
1663     36.73     -9999      
1664    213.72     -9999      
1665     29.59     -9999      
1666      1.90     -9999      
1667      0.00     -9999      
1668    205.73     -9999      
1669      0.00     -9999      
1670      0.00     -9999      
1671    234.85     -9999      
1672    200.88     -9999      
1673      0.00     -9999      
1674    159.77     -9999      
1675    142.93     -9999      
1676      0.00     -9999      
1677    241.42     -9999      
1678    130.65     -9999      
1679     63.56     -9999      
1680    273.10     -9999      
1681     38.44     -9999      
1682    198.02     -9999      
1683    200.31     -9999      
1684     99.25     -9999      
1685    162.62     -9999      
1686      2.18     -9999      
1687    158.63     -9999      
1688     97.82     -9999      
1689     61.28     -9999      
1690     48.43     -9999      
1691      0.00     -9999      
1692    190.03     -9999      
1693    170.05     -9999      
1694    111.81     -9999      
1695    153.77     -9999      
1696    251.98     -9999      
1697    154.92     -9999      
1698     24.74     -9999      
1699    188.89     -9999      
1700    116.66     -9999      
1701      4.18     -9999      
1702    270.25     -9999      
1703     16.17     -9999      
1704    217.72     -9999      
1705    102.39     -9999      
1706      0.00     -9999      
1707      0.00     -9999      
1708     35.58     -9999      
1709    182.04     -9999      
1710     14.74     -9999      
1711    221.15     -9999      
1712    135.50     -9999      
1713     46.43     -9999      
1714     54.43     -9999      
1715     89.25     -9999      
1716     29.02     -9999      
1717    183.18     -9999      
1718    135.50     -9999      
1719    122.94     -9999      
1720    177.75     -9999      
1721      0.00     -9999      
1722     11.32     -9999      
1723    303.94     -9999      
1724     51.86     -9999      
1725    152.63     -9999      
1726     66.99     -9999      
1727    116.09     -9999      
1728      0.00     -9999      
1729      0.00     -9999      
1730    285.38     -9999      
1731    140.93     -9999      
1732    237.70     -9999      
1733      0.00     -9999      
1734    247.13     -9999      
1735      0.00     -9999      
1736      0.00     -9999      
1737      0.00     -9999      
1738    201.16     -9999      
1739     61.56     -9999      
1740    303.94     -9999      
1741    188.03     -9999      
1742    160.05     -9999      
1743    218.58     -9999      
1744    155.49     -9999      
1745    272.25     -9999      
1746    190.31     -9999      
1747    193.74     -9999      
1748      0.76     -9999      
1749    154.92     -9999      
1750    146.92     -9999      
1751     47.29     -9999      
1752     30.16     -9999      
1753     92.68     -9999      
1754      0.00     -9999      
1755     52.14     -9999      
1756     66.99     -9999      
1757      0.00     -9999      
1758    140.36     -9999      
1759     46.15     -9999      
1760     91.25     -9999      
1761     27.88     -9999      
1762     84.69     -9999      
1763     88.68     -9999      
1764    101.82     -9999      
1765      0.00     -9999      
1766    197.17     -9999      
1767    102.39     -9999      
1768    118.94     -9999      
1769    136.64     -9999      
1770      0.00     -9999      
1771    244.84     -9999      
1772    143.21     -9999      
1773     61.28     -9999      
1774    172.61     -9999      
1775     94.39     -9999      
1776     41.87     -9999      
1777     25.31     -9999      
1778     86.97     -9999      
1779    191.46     -9999      
1780     20.74     -9999      
1781     96.68     -9999      
1782      0.00     -9999      
1783      0.00     -9999      
1784    218.01     -9999      
1785    152.35     -9999      
1786     79.83     -9999      
1787    216.58     -9999      
1788      0.00     -9999      
1789    277.10     -9999      
1790    246.55     -9999      
1791    110.67     -9999      
1792    268.54     -9999      
1793    167.19     -9999      
1794      0.00     -9999      
1795      0.00     -9999      
1796     13.03     -9999      
1797    190.31     -9999      
1798    177.75     -9999      
1799    185.75     -9999      
1800     31.02     -9999      
1801    216.86     -9999      
1802     92.40     -9999      
1803      0.00     -9999      
1804    218.86     -9999      
1805     53.00     -9999      
1806     66.99     -9999      
1807     34.44     -9999      
1808     94.11     -9999      
1809      0.00     -9999      
1810     84.97     -9999      
1811    214.30     -9999      
1812     33.02     -9999      
1813     54.43     -9999      
1814    109.81     -9999      
1815     83.26     -9999      
1816    236.28     -9999      
1817    247.41     -9999      
1818    107.53     -9999      
1819    184.32     -9999      
1820     49.57     -9999      
1821    218.29     -9999      
1822      0.00     -9999      
1823      0.00     -9999      
1824      4.75     -9999      
1825    381.87     -9999      
1826    187.17     -9999      
1827     66.70     -9999      
1828    285.95     -9999      
1829      0.00     -9999      
1830    127.79     -9999      
1831    106.10     -9999      
1832    275.39     -9999      
1833    123.23     -9999      
1834    104.10     -9999      
1835     51.29     -9999      
1836     28.16     -9999      
1837    110.95     -9999      
1838    274.53     -9999      
1839    144.35     -9999      
1840    126.94     -9999      
1841      0.00     -9999      
1842    204.87     -9999      
1843      0.00     -9999      
1844      0.00     -9999      
1845      0.00     -9999      
1846     44.43     -9999      
1847    212.87     -9999      
1848    158.34     -9999      
1849    163.48     -9999      
1850    200.59     -9999      
1851      2.47     -9999      
1852    228.28     -9999      
1853    178.32     -9999      
1854    105.24     -9999      
1855     66.13     -9999      
1856      0.00     -9999      
1857     15.32     -9999      
1858      0.00     -9999      
1859     39.58     -9999      
1860    169.76     -9999      
1861    108.67     -9999      
1862    222.29     -9999      
1863     13.32     -9999      
1864      0.00     -9999      
1865    117.52     -9999      
1866     92.97     -9999      
1867    274.82     -9999      
1868    377.30     -9999      
1869    160.62     -9999      
1870     15.03     -9999      
1871      0.00     -9999      
1872     56.14     -9999      
1873     63.85     -9999      
1874     98.96     -9999      
1875     69.56     -9999      
1876    180.61     -9999      
1877      0.00     -9999      
1878    266.54     -9999      
1879      0.00     -9999      
1880    197.45     -9999      
1881    103.53     -9999      
1882     30.73     -9999      
1883     13.32     -9999      
1884    374.16     -9999      
1885     80.40     -9999      
1886    193.74     -9999      
1887     57.00     -9999      
1888    102.39     -9999      
1889    142.07     -9999      
1890    276.24     -9999      
1891    144.35     -9999      
1892     28.45     -9999      
1893    168.90     -9999      
1894      0.00     -9999      
1895    175.18     -9999      
1896     55.28     -9999      
1897    154.63     -9999      
1898      0.00     -9999      
1899      0.00     -9999      
1900      0.00     -9999      
1901    203.45     -9999      
1902     23.88     -9999      
1903    100.10     -9999      
1904     23.88     -9999      
1905    195.17     -9999      
1906    215.72     -9999      
1907    261.68     -9999      
1908    169.19     -9999      
1909    177.75     -9999      
1910    113.81     -9999      
1911    148.92     -9999      
1912     44.15     -9999      
1913      1.90     -9999      
1914    321.35     -9999      
1915    196.31     -9999      
1916    165.19     -9999      
1917     92.40     -9999      
1918     72.13     -9999      
1919     78.41     -9999      
1920     49.00     -9999      
1921     51.57     -9999      
1922    140.93     -9999      
1923     40.15     -9999      
1924      0.00     -9999      
1925      5.61     -9999      
1926     55.85     -9999      
1927    119.23     -9999      
1928     16.46     -9999      
1929     12.75     -9999      
1930      0.00     -9999      
1931      0.00     -9999      
1932    263.11     -9999      
1933      0.76     -9999      
1934      0.00     -9999      
1935    200.88     -9999      
1936    147.78     -9999      
1937    246.55     -9999      
1938    210.87     -9999      
1939     54.71     -9999      
1940    124.37    108.61   
1941    373.88    469.55   
1942    194.31    118.98   
1943    142.64    297.98   
1944    160.34     75.51   
1945    111.81     68.46   
1946     51.00     38.12   
1947      0.00     15.29   
1948     16.74     10.56   
1949    115.80     20.83   
1950     25.88     38.59   
1951     11.32     32.81   
1952    337.91    229.94   
1953     62.42     52.46   
1954     70.98     37.92   
1955     59.85     19.12   
1956    134.08    109.66   
1957     65.56      9.86   
1958    295.09    343.64   
1959     47.86     10.96   
1960      0.00     12.03   
1961      0.00      0.00   
1962    210.01    145.36   
1963     76.98     57.91   
1964      0.00      3.48   
1965    160.34     41.76   
1966    105.24     -9999      
1967    166.05     -9999      
1968      0.00     -9999      
1969    259.12     -9999      
1970     23.59     34.66   
1971     53.57     29.11   
1972      0.00      1.12   
1973    249.12    205.94   
1974    112.95    129.82   
1975     84.97     51.89   
1976      0.00      0.00   
1977      0.00      0.00   
1978    347.04    316.24   
1979    143.50     51.71   
1980    207.73    275.92   
1981     56.42     46.82   
1982    158.63    129.76   
1983    258.83    530.33   
1984     35.01     43.61   
1985     59.85     12.50   
1986    144.64    181.36   
1987      0.00      5.53   
1988     86.11      9.72   
1989      0.00      6.46   
1990      0.00      0.39   
1991     95.54     39.67   
1992    150.35     80.97   
1993    285.38    292.70   
1994     20.74      7.97   
1995    268.25    368.50   
1996     82.40    132.50   
1997     79.83    269.20   
1998    327.63    380.30   
1999    112.95     35.16   
2000     99.82     82.92   
2001     83.83     99.85   
2002      0.00      4.85   
2003     95.25     27.64   