Salt-Verde-Tonto waterways, AZ
Lower Colorado River Basin
Water Year (Oct-Sep) streamflow reconstruction
Values in acre-feet
Recon = reconstruction
Observed = gaged USGS flow record
Lower_95 = lower 95% confidence interval for Recon
Upper_95 = upper 95% confidence interval for Recon
Recon Interval: 1330-2005
Observed Interval: 1914-2005
PI: D. Meko and K. Hirshboeck
URL: http://fp.arizona.edu/kkh/srp2.htm

==========
Year    Recon  Observed  Lower_95  Upper_95
1330   2297252     -9999   1320765   3933019
1331   2280174     -9999   1303687   3915941
1332   1919362     -9999    940200   3559611
1333   1211745     -9999    775263   1862184
1334    756819     -9999    331787   1277426
1335    487858     -9999     62826    987712
1336   2434294     -9999   1455132   4074543
1337   1819319     -9999    842832   4238306
1338    563295     -9999    138263   1063149
1339    848682     -9999    423650   1369289
1340    822252     -9999    396056   1344286
1341    977628     -9999    541146   1548740
1342    743752     -9999    318720   1264359
1343    934596     -9999    498115   1455203
1344   1263671     -9999    825994   1915893
1345   1586859     -9999    610987   4005846
1346   1553115     -9999    577243   3972102
1347    726606     -9999    301574   1247213
1348    778315     -9999    352119   1300349
1349   1931076     -9999    954590   4350064
1350    564231     -9999    139200   1084839
1351    652644     -9999    227612   1173251
1352    913868     -9999    476191   1435902
1353   2705633     -9999   1729146   4341400
1354   1789300     -9999    812813   4208287
1355    585555     -9999    160523   1085409
1356   1572583     -9999    594037   3998198
1357   1631601     -9999    655421   4050588
1358   1784861     -9999    808374   4203848
1359   1684862     -9999    708375   4103849
1360    493323     -9999     67126   1015356
1361    565053     -9999    140021   1075283
1362    654366     -9999    229334   1174973
1363    813222     -9999    388190   1333829
1364   1051607     -9999    613929   1703828
1365    828196     -9999    403164   1348804
1366   1630417     -9999    654545   4049405
1367    764107     -9999    339075   1284715
1368   1738776     -9999    759922   4164390
1369    644388     -9999    219356   1144242
1370   1979510     -9999   1003024   3615278
1371    663840     -9999    238808   1174071
1372    705531     -9999    279334   1227564
1373   1702225     -9999    725738   4121212
1374   1949593     -9999    973107   3585361
1375    709588     -9999    284556   1230195
1376    548579     -9999    122383   1060208
1377   1339060     -9999    902579   1989500
1378   1855219     -9999    878732   4274206
1379    633142     -9999    208110   1153749
1380   2472151     -9999   1492988   4112399
1381   1740240     -9999    763753   4159227
1382   1247602     -9999    811121   1898042
1383    756936     -9999    331905   1256790
1384   1268874     -9999    831197   1921096
1385   1495090     -9999    519218   3914077
1386   1472691     -9999    496819   3891678
1387   1001196     -9999    564715   1572309
1388   1043298     -9999    605621   1695520
1389    570780     -9999    145748   1070634
1390    540452     -9999    212248   1040306
1391    792205     -9999    367174   1312813
1392   1686213     -9999    707668   4111828
1393    931089     -9999    494608   1451697
1394   1581804     -9999    605932   4000791
1395    680239     -9999    255207   1200846
1396    740514     -9999    314318   1262548
1397   1055629     -9999    619147   1706068
1398    606814     -9999    181782   1106667
1399    560004     -9999    143911   1080611
1400    771180     -9999    346148   1281410
1401    987125     -9999    550643   1558237
1402    734623     -9999    309591   1255230
1403    587889     -9999    162857   1087743
1404   1871545     -9999    892383   4297160
1405   1328367     -9999    891885   1978807
1406    920008     -9999    483527   1440616
1407    590134     -9999    165102   1089988
1408    970910     -9999    533232   1492943
1409   1590247     -9999    614375   4009234
1410    671246     -9999    246214   1191853
1411    597152     -9999    172120   1107383
1412   1635172     -9999    656626   4060786
1413    572046     -9999    147014   1071900
1414   2021266     -9999   1044779   3657033
1415    630133     -9999    205102   1129987
1416    854450     -9999    428254   1376484
1417   1459221     -9999    483349   3878208
1418    791846     -9999    366814   1312453
1419   1169750     -9999    733268   1820189
1420   1535621     -9999    557076   3961236
1421    517144     -9999     92112   1016998
1422   1255066     -9999    818585   1905506
1423    567172     -9999    142140   1067026
1424   1541089     -9999    562543   3966703
1425    643396     -9999    218365   1143250
1426   1395019     -9999    958538   2045459
1427   2000686     -9999   1024200   3636454
1428   2050132     -9999   1070970   4475746
1429    605522     -9999    180490   1126129
1430    853488     -9999    428456   1374095
1431   1287103     -9999    850621   1937543
1432   1067621     -9999    629944   1719843
1433   1670993     -9999    695121   4089980
1434   1182368     -9999    745886   1832807
1435    597248     -9999    172216   1107478
1436    909067     -9999    471389   1431100
1437    745133     -9999    320102   1265741
1438    595862     -9999    170830   1095716
1439    847386     -9999    422354   1367993
1440   1323420     -9999    885743   1975642
1441   1780615     -9999    804128   4199602
1442    672239     -9999    247207   1192846
1443    744077     -9999    319046   1264685
1444   1023642     -9999    585964   1596319
1445    717373     -9999    292341   1227603
1446    544771     -9999    119739   1044625
1447   1032287     -9999    595805   1603399
1448    833470     -9999    407274   1355503
1449    617590     -9999    192558   1117444
1450    556885     -9999    131853   1056739
1451   2315188     -9999   1311593   4230311
1452   1596563     -9999    590218   3516932
1453   2269836     -9999   1266240   4184958
1454    740875     -9999    395323   1129745
1455    360716     -9999     15164    749586
1456   1173148     -9999    811788   1969170
1457    627893     -9999    282342   1016763
1458   2332175     -9999   1328579   4247297
1459    659988     -9999    314437   1048858
1460    556270     -9999    209772    946206
1461    890692     -9999    530319   1684539
1462   2489778     -9999   1486182   4404900
1463    709592     -9999    364041   1098462
1464    383795     -9999     37297    773731
1465   1071302     -9999    710930   1865150
1466   3114860     -9999   2111264   5029982
1467   2919062     -9999   1915466   4834184
1468   1182297     -9999    820937   1978319
1469   1081380     -9999    721008   1875228
1470    698479     -9999    352928   1087349
1471    426554     -9999     81003    815425
1472    632211     -9999    285713   1022147
1473    883214     -9999    522842   1677062
1474   1229424     -9999    869052   2023271
1475    969486     -9999    609113   1763333
1476   1284564     -9999    407070   2654992
1477   1775807     -9999    772211   3690929
1478   1131676     -9999    771303   1925523
1479    606102     -9999    260551    994972
1480    656814     -9999    310316   1046750
1481   1167936     -9999    807563   1961783
1482   1930563     -9999    926968   3845685
1483    825501     -9999    479950   1214371
1484   2779648     -9999   1773303   4700017
1485   1016508     -9999    656135   1810355
1486   1215170     -9999    854797   2009017
1487    520744     -9999    175193    909614
1488   1143671     -9999    782311   1939693
1489   1501790     -9999    562444   3416913
1490   1577154     -9999    573558   3492276
1491   2466287     -9999   1462692   4381410
1492   1054716     -9999    693356   1850738
1493    826342     -9999    480791   1215213
1494    862918     -9999    502545   1299302
1495    359453     -9999     13902    748323
1496   1347111     -9999    469617   2717539
1497   1298866     -9999    423770   2665550
1498   2000320     -9999    996725   3915443
1499    861683     -9999    501310   1298067
1500    386182     -9999     40630    775052
1501   1072960     -9999    712587   1866807
1502   1264180     -9999    389083   2905083
1503   1239086     -9999    363990   2605770
1504   1344084     -9999    337739   2714512
1505    731038     -9999    385487   1119909
1506    539114     -9999    193563    927985
1507   1960171     -9999    956576   3875294
1508   1403716     -9999    526222   3324086
1509   2836386     -9999   1832791   4751509
1510    549926     -9999    204374    938796
1511   2032785     -9999   1029190   3947907
1512   1327220     -9999    449726   2697648
1513   1735764     -9999    732169   3650887
1514   1325909     -9999    450812   2692593
1515    726004     -9999    380453   1114874
1516    589223     -9999    242725    979159
1517    581066     -9999    235514    969936
1518   1282292     -9999    342946   2923195
1519   1903898     -9999    900303   3819021
1520   1170839     -9999    809479   1966861
1521    619405     -9999    273854   1008275
1522    417881     -9999     72330    806751
1523   1165501     -9999    805128   1959348
1524   1043546     -9999    682186   1839568
1525    969020     -9999    608648   1762867
1526   2316605     -9999   1313010   4231727
1527    667844     -9999    322293   1056715
1528    754913     -9999    408415   1144849
1529    849195     -9999    503644   1285579
1530   1519209     -9999    644112   3434331
1531    927045     -9999    566672   1720892
1532    397246     -9999     50748    787182
1533   1111904     -9999    751532   1905751
1534   1381988     -9999    442642   2748671
1535   1290900     -9999    415803   2657583
1536   1976259     -9999    969914   3896628
1537   1594930     -9999    591334   3235833
1538    378869     -9999     33318    767739
1539   1369346     -9999    494250   3010249
1540   1727207     -9999    720862   3647576
1541   1070366     -9999    709993   1864213
1542    340170     -9999         0    729040
1543   1571513     -9999    567917   3486635
1544    633498     -9999    287000   1023434
1545    909218     -9999    548846   1345603
1546   1640562     -9999    636966   3555684
1547    638003     -9999    292452   1026873
1548    890397     -9999    529037   1686419
1549   2198912     -9999   1195316   4114034
1550   1823470     -9999    819874   3738592
1551    851328     -9999    490956   1287713
1552   1123390     -9999    762030   1919412
1553   1370346     -9999    495249   3011249
1554    672044     -9999    326493   1060914
1555   1712248     -9999    708653   3627371
1556   1891489     -9999    885144   3811858
1557   1303482     -9999    428386   2944385
1558    810109     -9999    464558   1198980
1559    825576     -9999    480025   1214447
1560   1178958     -9999    817597   1974980
1561    580629     -9999    235078    969500
1562   1053226     -9999    692854   1847073
1563   1229852     -9999    869480   2023699
1564   2615182     -9999   1608837   4535552
1565   2152771     -9999   1149175   4067893
1566    782103     -9999    436552   1170974
1567    860627     -9999    515076   1297011
1568   1573122     -9999    566777   3493491
1569   1273438     -9999    398341   2640121
1570   1250948     -9999    375852   2617632
1571    531888     -9999    186337    920758
1572    884045     -9999    522685   1500846
1573    496134     -9999    150583    885005
1574    651555     -9999    306004   1040425
1575   1139839     -9999    779466   1933686
1576    742539     -9999    396041   1132475
1577   1533002     -9999    657906   3448125
1578    955149     -9999    594776   1748996
1579    511326     -9999    165775    900197
1580    567782     -9999    221285    957718
1581   1295202     -9999    355856   3210325
1582    616732     -9999    271180   1005602
1583    461309     -9999    115758    850180
1584    467016     -9999    120518    856951
1585    491530     -9999    145979    880400
1586   2275601     -9999   1272006   4190724
1587   1255790     -9999    380693   2622473
1588   1452790     -9999    510871   3373160
1589    866979     -9999    506607   1303364
1590    399849     -9999     54298    788719
1591    886733     -9999    526360   1680580
1592    554018     -9999    207521    943954
1593    825921     -9999    480370   1214791
1594   3785513     -9999   2781918   5700636
1595   1200798     -9999    840425   1994645
1596   1258467     -9999    380973   2628895
1597    613538     -9999    267987   1002409
1598    643363     -9999    297812   1032233
1599   1795812     -9999    792217   3710935
1600    407946     -9999     61448    797882
1601    630066     -9999    284515   1018936
1602   1605384     -9999    601789   3520507
1603   1214241     -9999    853868   2008088
1604   1709218     -9999    702873   3629587
1605   1531615     -9999    528019   3446737
1606   1149343     -9999    788970   1943190
1607    721418     -9999    375867   1110288
1608   1204322     -9999    842962   2000344
1609   2048576     -9999   1044980   3963698
1610   2054092     -9999   1050496   3969214
1611   1107070     -9999    746697   1900917
1612    678227     -9999    331730   1068163
1613    629187     -9999    283636   1018057
1614    992827     -9999    632454   1786674
1615   1593144     -9999    589549   3508266
1616   1368460     -9999    490966   2738888
1617   1448059     -9999    444464   3363182
1618   2230817     -9999   1227222   4145940
1619    962963     -9999    602590   1756810
1620   1905234     -9999    898889   3825603
1621   2821532     -9999   1817936   4736654
1622    742444     -9999    396893   1131315
1623    375494     -9999     29943    764364
1624    547246     -9999    200749    937182
1625   1311668     -9999    436572   3226791
1626    537629     -9999    192078    926500
1627   2384807     -9999   1381212   4299930
1628    802316     -9999    455818   1192251
1629   1441447     -9999    502101   2808131
1630   1235203     -9999    360106   2601886
1631    854418     -9999    494045   1290802
1632    478185     -9999    131687    868121
1633   1971579     -9999    967984   3886702
1634   1877017     -9999    873422   3792140
1635   1574607     -9999    571012   3489730
1636    784144     -9999    437646   1174080
1637    532714     -9999    187162    921584
1638    890581     -9999    530209   1326966
1639   1784307     -9999    780712   3699430
1640   2780183     -9999   1773838   4700553
1641   1688070     -9999    684474   3603192
1642   1357392     -9999    482295   2724075
1643   1117869     -9999    757496   1911716
1644   1635645     -9999    629300   3556015
1645    763349     -9999    417798   1152220
1646   1309729     -9999    434632   2676412
1647   1592578     -9999    588983   3507701
1648    457625     -9999    111127    847560
1649   2260239     -9999   1256644   4175362
1650   1817248     -9999    813653   3732370
1651   2703336     -9999   1699741   4618459
1652    738633     -9999    392135   1128569
1653   1063768     -9999    703395   1857615
1654    363453     -9999     17902    752323
1655   1768136     -9999    764541   3683259
1656   1435016     -9999    493097   3355386
1657    763996     -9999    418445   1152866
1658    674402     -9999    328850   1063272
1659   1170192     -9999    809819   1964039
1660   1915537     -9999    909192   3835906
1661   1496637     -9999    493041   2863320
1662    664371     -9999    318820   1053241
1663    846653     -9999    486281   1283038
1664    642709     -9999    296211   1032645
1665   1203647     -9999    843274   1997494
1666    612865     -9999    267314   1001735
1667    553788     -9999    208237    942659
1668    518887     -9999    172389    908822
1669    729137     -9999    383586   1118008
1670    424090     -9999     78539    812960
1671   1366235     -9999    491138   2732918
1672   1254417     -9999    248072   2624845
1673   1329431     -9999    454334   2696114
1674   1237619     -9999    362522   2604303
1675    762929     -9999    417377   1151799
1676    520147     -9999    173649    910083
1677   1718916     -9999    715320   3634038
1678   1147133     -9999    786760   1940980
1679    642689     -9999    297138   1031559
1680   2769977     -9999   1763632   4690346
1681   2382803     -9999   1379207   4297925
1682   1354860     -9999    479764   2721544
1683   2114476     -9999   1110881   4029599
1684    449385     -9999    102887    839320
1685    351894     -9999      6343    740764
1686   1175878     -9999    815505   1969725
1687   2804165     -9999   1800569   4719287
1688   1354333     -9999    476839   2724761
1689   1725734     -9999    722139   3640857
1690   1336536     -9999    461439   2977439
1691   1056847     -9999    696474   1850694
1692   1901644     -9999    895299   3822013
1693   1648926     -9999    645330   3564048
1694    603819     -9999    258268    992689
1695   1398841     -9999    459495   2765525
1696    542688     -9999    196190    932624
1697    830516     -9999    484965   1219386
1698    942201     -9999    581828   1736048
1699   1294671     -9999    419574   2661354
1700    606822     -9999    261271    995692
1701   2536545     -9999   1532950   4451667
1702    628546     -9999    282995   1017417
1703    591616     -9999    246065    980486
1704    911373     -9999    550013   1348953
1705   1484538     -9999    480942   3399660
1706   1128209     -9999    767836   1922056
1707    673052     -9999    327500   1061922
1708    824027     -9999    477529   1213963
1709    975664     -9999    615291   1769511
1710   1945313     -9999    941717   3860435
1711    873989     -9999    513616   1310373
1712   1211949     -9999    850589   2007971
1713    917375     -9999    557002   1711222
1714   1008879     -9999    648506   1802726
1715    740445     -9999    394894   1129315
1716    590686     -9999    244188    980621
1717   1209855     -9999    849482   2003702
1718   2022302     -9999   1018707   3937425
1719   1448455     -9999    444860   3363578
1720   2990243     -9999   1983898   4910612
1721    858597     -9999    498224   1294981
1722    525188     -9999    179637    914059
1723   1586820     -9999    583224   3501942
1724    565234     -9999    218736    955170
1725   2143865     -9999   1140269   4058987
1726   2739281     -9999   1735685   4654403
1727    914954     -9999    554582   1708801
1728    326419     -9999         0    716354
1729    409105     -9999     63553    797975
1730   1088091     -9999    727718   1881938
1731   1243815     -9999    368718   2610498
1732   1479229     -9999    601735   3399599
1733    497757     -9999    152206    886628
1734   1053388     -9999    693015   1847235
1735    374990     -9999     29439    763861
1736   1235584     -9999    874224   2031606
1737    652785     -9999    307234   1041655
1738   1284140     -9999    409044   2650824
1739    643374     -9999    297823   1032244
1740    584937     -9999    238439    974873
1741   1496369     -9999    492773   3137272
1742    725647     -9999    380096   1114517
1743   2043239     -9999   1039644   3958362
1744    954736     -9999    593376   1750758
1745   2758123     -9999   1754527   4673245
1746   3022781     -9999   2019186   4937903
1747   3015401     -9999   2011806   4930524
1748    326806     -9999         0    716741
1749   3172383     -9999   2168788   5087506
1750    596341     -9999    250790    985212
1751    809382     -9999    463830   1198252
1752    512741     -9999    166243    902677
1753    619341     -9999    273790   1008211
1754   1232051     -9999    871678   2025898
1755    635096     -9999    289545   1023967
1756   1242196     -9999    364701   2612623
1757    702739     -9999    357188   1091610
1758   1817999     -9999    814404   3733122
1759   1521848     -9999    518252   3436970
1760   1437586     -9999    495667   2808014
1761    589112     -9999    243561    977982
1762   1682845     -9999    679250   3597968
1763    577295     -9999    231744    966165
1764   2764156     -9999   1757811   4684526
1765    570873     -9999    225321    959743
1766   2838106     -9999   1834510   4753228
1767    858805     -9999    498432   1295189
1768   1686329     -9999    679984   3606699
1769   1012929     -9999    652556   1806776
1770    783913     -9999    438362   1172783
1771   1801113     -9999    797518   3716236
1772    871849     -9999    510489   1309429
1773    347462     -9999      1910    736332
1774   1244708     -9999    369611   2611391
1775   1279063     -9999    403966   2645746
1776    929111     -9999    567751   1725133
1777    580763     -9999    235212    969633
1778    523161     -9999    177610    912031
1779   1075735     -9999    715362   1869582
1780    580520     -9999    234022    970456
1781   1154514     -9999    794142   1948362
1782    598222     -9999    252670    987092
1783   1380377     -9999    505280   3021280
1784   3001542     -9999   1995197   4921911
1785    578111     -9999    232560    966982
1786    751623     -9999    406072   1140494
1787   2211444     -9999   1207849   4126567
1788    530854     -9999    184357    920790
1789    666337     -9999    320786   1055207
1790    579435     -9999    233884    968305
1791   2449031     -9999   1445436   4364154
1792   1611878     -9999    605533   2982306
1793   2661621     -9999   1658025   4576743
1794    597496     -9999    251945    986367
1795   1549473     -9999    545878   3190376
1796    811412     -9999    464914   1201347
1797    891026     -9999    530653   1684873
1798    962551     -9999    602179   1756398
1799   1419688     -9999    544592   2786372
1800    728860     -9999    383309   1117730
1801    602812     -9999    257261    991683
1802   1458821     -9999    455225   3373943
1803    585534     -9999    239983    974404
1804   1618996     -9999    612651   3539365
1805    587427     -9999    241876    976297
1806    605496     -9999    259945    994367
1807   2125631     -9999   1122036   4040754
1808    843022     -9999    496524   1280602
1809   1353616     -9999    478519   2720299
1810    575026     -9999    229475    963896
1811   1286239     -9999    411143   2652923
1812    925434     -9999    564074   1721456
1813    421389     -9999     75838    810259
1814   1361193     -9999    421847   2727877
1815   1520462     -9999    581116   3435584
1816   2969169     -9999   1962824   4889538
1817    932416     -9999    572044   1726263
1818    307813     -9999         0    696683
1819    524628     -9999    179077    913499
1820    529185     -9999    182687    919121
1821   2105395     -9999   1101800   4020518
1822    415984     -9999     70433    804854
1823    742678     -9999    397126   1131548
1824   1279626     -9999    402132   2650054
1825   1640947     -9999    637352   3556070
1826   1446285     -9999    442690   2812968
1827    757437     -9999    411886   1146308
1828   2993820     -9999   1987475   4914190
1829    503850     -9999    158299    892721
1830   1483990     -9999    608893   2850673
1831   1291699     -9999    416602   3206821
1832    990094     -9999    628734   1786116
1833   2861939     -9999   1858344   4777062
1834    968959     -9999    608586   1762806
1835   1723615     -9999    720020   3638738
1836    970536     -9999    609176   1766559
1837   2532427     -9999   1528832   4447550
1838   2695460     -9999   1691865   4610582
1839   2848698     -9999   1845102   4763820
1840   1767603     -9999    761259   3687973
1841    689037     -9999    343486   1077908
1842    507846     -9999    162295    896716
1843    880429     -9999    520057   1316814
1844   2399459     -9999   1393114   4319829
1845    506857     -9999    161306    895727
1846   1878718     -9999    875122   3793840
1847    360429     -9999     14878    749300
1848   2373777     -9999   1367432   4294146
1849   4299047     -9999   3295452   6214170
1850   1835664     -9999    832069   3750787
1851    441837     -9999     96286    830707
1852   2317055     -9999   1310710   4237424
1853   1075996     -9999    715623   1869843
1854    767269     -9999    421718   1156140
1855   1508208     -9999    504613   2874892
1856   1701495     -9999    695150   3621865
1857    531784     -9999    186233    920655
1858   1403848     -9999    528752   2770532
1859    618221     -9999    272670   1007091
1860    768349     -9999    421852   1158285
1861    420920     -9999     75369    809790
1862   3516889     -9999   2513294   5432012
1863    776800     -9999    431249   1165670
1864    534258     -9999    187760    924194
1865   1971905     -9999    968310   3887028
1866   2906150     -9999   1902554   4821272
1867   1912641     -9999    909045   3827763
1868   2574758     -9999   1568413   4495127
1869   1495903     -9999    620807   3411026
1870    543961     -9999    198410    932831
1871    498563     -9999    153012    887433
1872    580382     -9999    233884    970318
1873    676744     -9999    331193   1065614
1874   1812566     -9999    808971   3727689
1875    883671     -9999    523298   1320055
1876    726525     -9999    380027   1116461
1877   1565741     -9999    562146   3480864
1878   1164648     -9999    804276   1958495
1879    609144     -9999    263593    998015
1880    588120     -9999    241622    978056
1881    614138     -9999    268587   1003008
1882    907458     -9999    547085   1522574
1883    865644     -9999    505271   1302028
1884   1979523     -9999    973178   3899892
1885   1576646     -9999    573051   3491769
1886    863966     -9999    503593   1300350
1887    523192     -9999    177641    912063
1888   1811603     -9999    805258   3731972
1889   1440765     -9999    565669   2807449
1890   1788275     -9999    784679   3703397
1891   1463277     -9999    459682   3104180
1892   1198624     -9999    837264   1994646
1893    499332     -9999    153781    888202
1894    502335     -9999    156784    891206
1895   1485997     -9999    610900   2852680
1896    471546     -9999    125048    861482
1897   2009497     -9999   1005902   3924620
1898   1161815     -9999    801442   1955662
1899    390049     -9999     44498    778920
1900    598527     -9999    252975    987397
1901    927037     -9999    566664   1720884
1902    444810     -9999     99259    833681
1903   1591928     -9999    588332   3507050
1904    426411     -9999     79913    816346
1905   2864874     -9999   1861279   4779997
1906   1679910     -9999    676315   3595033
1907   2199836     -9999   1196240   4114958
1908   1338325     -9999    460830   2708752
1909   1186763     -9999    826390   1980610
1910   1095975     -9999    735602   1889822
1911   1605085     -9999    601489   3520207
1912   1794679     -9999    788334   3715048
1913   1037971     -9999    677598   1831818
1914   1983313    925820    979718   3898436
1915   2619952   2653159   1616357   4535075
1916   1993274   3859851    986929   3913643
1917   1454122   1709628    450527   3369245
1918    565590    895134    220039    954461
1919   2118736   1533211   1115140   4033858
1920   2959576   3156201   1953231   4879946
1921    619098    855766    273547   1007969
1922   1496302   1471602    556956   3411425
1923   1024762   1149725    664389   1818609
1924   1340867   1451820    463373   2711295
1925    614444    591309    268893   1003314
1926   1810802   1299721    807207   3725925
1927   1347784   1777366    472688   2714468
1928    822544    630940    476046   1212479
1929    752875    862014    407324   1141746
1930    873505    795937    513132   1309889
1931   1052252   1042416    691879   1846099
1932   2308787   2229529   1302442   4229156
1933    860621    693211    500248   1297005
1934    582304    419971    236752    971174
1935   1660714   1347353    657118   3575836
1936    607004    978588    260506    996940
1937   1954419   1871780    950823   3869541
1938   1108836    834730    748463   1902683
1939    648389    631874    302838   1037259
1940    718894    548483    372396   1108829
1941   3188740   3417802   2185145   5103863
1942   1377641    903163    502545   3292764
1943    670774    877851    325222   1059644
1944   1058693    846142    697333   1854715
1945    873260    923022    512887   1309644
1946    494813    554008    149261    883683
1947    728268    527921    382717   1117138
1948   1659561    729032    653217   3579931
1949   1777951   1325997    774355   3693073
1950    545433    459749    199882    934303
1951    400176    488980     54625    789047
1952   2520200   2033762   1513855   4440569
1953    581920    491283    236369    970790
1954    583093    680880    237541    971963
1955    630904    493138    285353   1019775
1956    528641    358108    182143    918577
1957   1432495    806214    493149   3073398
1958   1030366   1286533    669993   1824213
1959    454743    450983    109192    843614
1960   1473860   1462510    467515   3394229
1961    715278    353021    369726   1104148
1962    988462   1106003    628089   1782309
1963    665549    617837    319998   1054420
1964    636311    544863    289814   1026247
1965   2299082   1474230   1295487   4214205
1966   1118922   1910493    758549   1912769
1967    598005    646286    252454    986876
1968   1150268   1578913    788908   1946290
1969   1234013   1068560    358916   2600696
1970    826623    636160    481072   1215493
1971    477687    388583    132135    866557
1972   1058853    696750    697492   1854875
1973   2177273   3491257   1173677   4092395
1974    685877    396367    340326   1074748
1975   1810372    940836    806777   3725495
1976    775585    811395    429087   1165521
1977    447244    370838    101693    836115
1978   2359282   2383100   1355687   4274405
1979   2683963   3319132   1680368   4599086
1980   1622862   2939456    616517   3543232
1981    770568    536434    425017   1159438
1982   1753391   1348572    749795   3668513
1983   2601411   2605893   1624925   4237179
1984   1010596   1246590    572918   1583273
1985   2606806   2166260   1630319   4242573
1986   2040536   1049497   1064049   4459523
1987   1433133   1155758    457261   3852120
1988   2116915   1233467   1137753   3757164
1989    619678    474678    194646   1119532
1990    485195    407205     96720    878649
1991   1650994   1711764    708754   3473743
1992   2571711   1654624   1676880   4399454
1993   1406697   4357945    514311   3229446
1994    710828    689397    254121   1104281
1995   1666000   2018698    723760   4606525
1996    266114    346301         0    618610
1997   1515788    680827    623401   4456313
1998   1527229   1335445    609916   3908866
1999    821665    488247    364958   1215118
2000    384468    292325     51450    736964
2001   1611479    773180    719093   3434227
2002    247869    280248         0    599402
2003   1176828    775752    615361   2706907
2004    615657    446629    209442    989171
2005   2203969     -9999   1311583   4026717
